922603 516.483887 12.294415 0.290000
922534 516.459656 12.293840 0.290000
922892 505.559601 12.034373 0.290000
922505 496.084412 11.808825 0.290000
922749 521.741760 12.419574 0.290000
922898 492.314178 11.719078 0.290000
922325 523.470520 12.460728 0.290000
922552 526.499756 12.532834 0.290000
922769 518.076111 12.332317 0.290000
923270 493.823822 11.755013 0.290000
922956 492.766693 11.729850 0.290000
922654 497.401337 11.840175 0.290000
922284 531.493347 12.651702 0.290000
922274 512.251160 12.193659 0.290000
922458 502.303589 11.956865 0.290000
922681 522.759216 12.443793 0.290000
921607 493.591461 11.749483 0.290000
922212 500.284149 11.908795 0.290000
922357 521.870605 12.422641 0.290000
922417 513.755310 12.229464 0.290000
922577 508.418121 12.102419 0.290000
922049 531.186157 12.644389 0.290000
922641 500.960205 11.924890 0.290000
922329 501.460114 11.936789 0.290000
922851 515.693298 12.275597 0.290000
922290 509.141571 12.119638 0.290000
923105 500.824799 11.921665 0.290000
922642 504.140228 12.000587 0.290000
921836 498.608215 11.868901 0.290000
922009 522.438782 12.436169 0.290000
922415 514.804688 12.254443 0.290000
922373 502.280457 11.956316 0.290000
922666 507.507538 12.080740 0.290000
922269 524.023315 12.473886 0.290000
922428 513.631958 12.226528 0.290000
922170 517.603760 12.321073 0.290000
922510 495.284973 11.789797 0.290000
922130 492.917572 11.733442 0.290000
922549 509.079926 12.118172 0.290000
922853 509.946533 12.138799 0.290000
922890 518.658630 12.346183 0.290000
922036 504.573029 12.010887 0.290000
922537 505.867920 12.041713 0.290000
923126 511.812927 12.183228 0.290000
922502 516.664429 12.298714 0.290000
922633 513.498718 12.223356 0.290000
923035 501.657196 11.941480 0.290000
922686 500.210327 11.907039 0.290000
922777 498.063171 11.855927 0.290000
922935 514.512878 12.247498 0.290000
922597 502.905914 11.971205 0.290000
922735 518.345886 12.338739 0.290000
922259 527.378418 12.553750 0.290000
922957 497.064423 11.832152 0.290000
922343 518.700500 12.347179 0.290000
922733 523.136902 12.452785 0.290000
922323 527.374023 12.553645 0.290000
922622 527.342102 12.552885 0.290000
922871 506.785187 12.063546 0.290000
922083 513.918274 12.233345 0.290000
922703 500.956909 11.924810 0.290000
923037 495.137451 11.786283 0.290000
922580 517.077393 12.308543 0.290000
922736 518.322754 12.338188 0.290000
922822 499.511108 11.890393 0.290000
922497 495.177094 11.787227 0.290000
922068 529.974915 12.615557 0.290000
922940 493.640991 11.750661 0.290000
921879 516.222900 12.288204 0.290000
922657 521.805664 12.421096 0.290000
922455 519.944763 12.376798 0.290000
922291 503.861694 11.993955 0.290000
922715 510.898956 12.161472 0.290000
922792 523.171021 12.453597 0.290000
922014 521.131775 12.405053 0.290000
922604 528.148132 12.572073 0.290000
922476 526.632996 12.536005 0.290000
922484 496.299103 11.813936 0.290000
922131 494.875366 11.780045 0.290000
922819 494.841217 11.779233 0.290000
921832 492.419861 11.721594 0.290000
921744 547.225159 13.026182 0.290000
922050 548.762390 13.062774 0.290000
922076 563.979980 13.425014 0.290000
922371 552.457764 13.150740 0.290000
922430 533.506226 12.699615 0.290000
922057 549.827148 13.088120 0.290000
922529 534.029297 12.712067 0.290000
921884 540.030396 12.854919 0.290000
922366 547.235046 13.026420 0.290000
922253 541.132629 12.881156 0.290000
922443 548.175415 13.048804 0.290000
921867 552.838745 13.159809 0.290000
921957 549.798523 13.087440 0.290000
922266 532.149658 12.667325 0.290000
922202 545.397278 12.982673 0.290000
922052 573.572998 13.653368 0.290000
922300 536.372498 12.767844 0.290000
922374 558.816772 13.302109 0.290000
921487 564.023926 13.426064 0.290000
921787 569.156372 13.548233 0.290000
922244 543.310669 12.933003 0.290000
921814 538.449158 12.817278 0.290000
922088 563.405151 13.411333 0.290000
921853 572.429993 13.626160 0.290000
922135 566.344055 13.481291 0.290000
922340 540.419128 12.864170 0.290000
922342 545.003113 12.973289 0.290000
922648 542.238159 12.907471 0.290000
922096 536.506775 12.771042 0.290000
921985 545.976501 12.996461 0.290000
922262 573.280029 13.646395 0.290000
922075 556.886475 13.256161 0.290000
922634 564.355408 13.433952 0.290000
921550 564.665955 13.441345 0.290000
921948 547.234009 13.026393 0.290000
921829 572.905640 13.637483 0.290000
922306 570.881836 13.589310 0.290000
922490 538.194824 12.811225 0.290000
922165 545.630737 12.988230 0.290000
921635 549.177490 13.072656 0.290000
922225 536.347107 12.767241 0.290000
922336 542.179810 12.906082 0.290000
922334 542.274475 12.908337 0.290000
922231 532.704590 12.680533 0.290000
922452 541.823059 12.897592 0.290000
922114 550.945862 13.114752 0.290000
922201 540.814392 12.873581 0.290000
921665 547.378235 13.029826 0.290000
922176 543.950378 12.948231 0.290000
922035 564.530518 13.438122 0.290000
922289 544.574768 12.963093 0.290000
922242 558.028320 13.283341 0.290000
921954 564.705627 13.442287 0.290000
922711 532.590088 12.677808 0.290000
921582 572.567627 13.629436 0.290000
922033 557.555969 13.272098 0.290000
922142 553.540161 13.176504 0.290000
922311 564.780457 13.444070 0.290000
922292 542.869141 12.922492 0.290000
922301 534.906860 12.732959 0.290000
921894 547.261536 13.027048 0.290000
922598 543.537476 12.938401 0.290000
922391 538.649597 12.822048 0.290000
922119 572.341919 13.624063 0.290000
922772 532.279541 12.670417 0.290000
922285 537.361267 12.791382 0.290000
922055 554.833923 13.207303 0.290000
921961 557.629761 13.273853 0.290000
922405 534.292419 12.718332 0.290000
921718 543.457092 12.936487 0.290000
922070 563.351196 13.410048 0.290000
921924 554.944092 13.209925 0.290000
922369 563.734375 13.419170 0.290000
922184 545.286133 12.980025 0.290000
922424 551.252014 13.122039 0.290000
922160 559.928894 13.328583 0.290000
922281 539.135193 12.833609 0.290000
922195 540.333252 12.862127 0.290000
922182 560.241638 13.336027 0.290000
922652 531.976746 12.663210 0.290000
922194 576.434753 13.721490 0.290000
922078 574.660828 13.679262 0.290000
921808 608.719849 14.490005 0.290000
921875 582.329163 13.861800 0.290000
922214 589.342163 14.028738 0.290000
921785 593.363586 14.124462 0.290000
921675 608.295898 14.479914 0.290000
921457 618.100342 14.713300 0.290000
921932 594.918335 14.161472 0.290000
921963 614.223267 14.621010 0.290000
921877 601.350037 14.314571 0.290000
921771 603.812134 14.373182 0.290000
921751 586.430786 13.959435 0.290000
921918 582.587891 13.867958 0.290000
921947 579.264648 13.788852 0.290000
921674 609.408020 14.506387 0.290000
921940 595.238770 14.169101 0.290000
921767 588.448120 14.007457 0.290000
921950 587.306213 13.980273 0.290000
921554 595.718872 14.180529 0.290000
922192 614.323486 14.623394 0.290000
922091 585.287842 13.932228 0.290000
921765 592.260193 14.098198 0.290000
921515 609.147095 14.500175 0.290000
921852 591.046753 14.069315 0.290000
922128 581.024353 13.830741 0.290000
922221 600.153015 14.286078 0.290000
921585 616.062134 14.664782 0.290000
921658 589.711121 14.037519 0.290000
921912 596.658142 14.202887 0.290000
921830 615.656982 14.655135 0.290000
921886 618.606873 14.725357 0.290000
921966 587.014404 13.973328 0.290000
921648 605.924072 14.423454 0.290000
921729 600.068298 14.284061 0.290000
921828 615.694397 14.656026 0.290000
921813 589.018494 14.021031 0.290000
921791 596.867371 14.207868 0.290000
921974 575.215881 13.692472 0.290000
922079 600.226868 14.287837 0.290000
921692 609.468628 14.507829 0.290000
921978 619.194885 14.739352 0.290000
921700 593.094849 14.118067 0.290000
921741 598.281189 14.241522 0.290000
921811 612.136719 14.571340 0.290000
921916 575.963501 13.710272 0.290000
921616 588.495483 14.008582 0.290000
922004 601.242065 14.312004 0.290000
921465 580.409851 13.816113 0.290000
921922 596.864014 14.207788 0.290000
921971 581.764282 13.848353 0.290000
921874 584.602966 13.915925 0.290000
921681 596.666931 14.203097 0.290000
921657 614.278320 14.622320 0.290000
921669 577.545837 13.747937 0.290000
921855 581.585876 13.844105 0.290000
921750 606.505493 14.437294 0.290000
921690 593.555115 14.129024 0.290000
921856 575.072693 13.689066 0.290000
921972 580.118103 13.809167 0.290000
921704 600.218018 14.287628 0.290000
921933 587.420715 13.983000 0.290000
921835 577.042603 13.735958 0.290000
922031 581.321533 13.837814 0.290000
921686 587.560608 13.986327 0.290000
922414 594.365540 14.148314 0.290000
922149 582.815796 13.873384 0.290000
921935 612.540771 14.580957 0.290000
921564 595.936890 14.185719 0.290000
921633 649.434021 15.459167 0.290000
921659 657.664978 15.655099 0.290000
921537 664.126404 15.808907 0.290000
921731 645.870850 15.374348 0.290000
921723 630.516663 15.008858 0.290000
922000 619.767517 14.752983 0.290000
921558 637.201660 15.167989 0.290000
921775 628.128296 14.952007 0.290000
921818 640.343140 15.242767 0.290000
921697 653.411255 15.553843 0.290000
921488 668.737915 15.918677 0.290000
921770 643.778625 15.324547 0.290000
921649 642.325134 15.289948 0.290000
921581 630.413147 15.006394 0.290000
921711 657.547180 15.652294 0.290000
921615 659.608521 15.701362 0.290000
921758 665.503845 15.841696 0.290000
921662 638.354492 15.195432 0.290000
921899 633.364136 15.076640 0.290000
921710 653.537964 15.556858 0.290000
921599 652.650391 15.535731 0.290000
921724 624.068481 14.855367 0.290000
921794 626.604370 14.915729 0.290000
921743 651.113281 15.499142 0.290000
921561 649.358032 15.457360 0.290000
921642 632.691467 15.060626 0.290000
921937 619.905151 14.756261 0.290000
921812 626.061584 14.902808 0.290000
921762 625.082581 14.879505 0.290000
921753 625.059509 14.878956 0.290000
921413 646.648193 15.392855 0.290000
921843 630.103760 14.999029 0.290000
921627 621.051392 14.783544 0.290000
921703 648.328491 15.432853 0.290000
921892 635.217407 15.120755 0.290000
921824 638.309387 15.194354 0.290000
921583 643.508850 15.318126 0.290000
921695 658.346558 15.671323 0.290000
921790 636.250244 15.145341 0.290000
921682 658.496338 15.674889 0.290000
921725 654.574097 15.581523 0.290000
921684 647.623779 15.416078 0.290000
921656 661.327332 15.742278 0.290000
921641 657.313660 15.646736 0.290000
921408 653.328735 15.551880 0.290000
921816 633.328979 15.075801 0.290000
921716 648.923096 15.447005 0.290000
922059 623.731506 14.847343 0.290000
921789 622.225220 14.811488 0.290000
921673 622.539001 14.818956 0.290000
921553 660.432129 15.720967 0.290000
921612 650.699280 15.489286 0.290000
921462 666.532349 15.866178 0.290000
921825 627.030457 14.925872 0.290000
921660 638.437073 15.197396 0.290000
921979 636.671997 15.155379 0.290000
921625 631.817139 15.039815 0.290000
921810 619.830261 14.754478 0.290000
921670 647.687622 15.417596 0.290000
921510 656.139893 15.618795 0.290000
921411 623.674255 14.845982 0.290000
921747 633.689087 15.084372 0.290000
921766 641.739380 15.276003 0.290000
921763 638.166199 15.190949 0.290000
921689 658.134033 15.666265 0.290000
921781 658.930176 15.685215 0.290000
921533 667.126892 15.880331 0.290000
921991 623.487122 14.841526 0.290000
921742 632.069275 15.045817 0.290000
921638 660.977173 15.733943 0.290000
921864 626.610962 14.915888 0.290000
921863 627.317932 14.932716 0.290000
921588 635.581848 15.129430 0.290000
921521 693.585999 16.510164 0.290000
921456 694.131042 16.523136 0.290000
921530 697.502625 16.603395 0.290000
921529 702.050293 16.711647 0.290000
921491 713.770752 16.990643 0.290000
921365 714.792603 17.014967 0.290000
921622 709.092041 16.879271 0.290000
921523 697.525818 16.603947 0.290000
921516 699.186340 16.643475 0.290000
921518 673.756897 16.038151 0.290000
921478 721.718628 17.179836 0.290000
921619 677.537048 16.128136 0.290000
921418 671.709900 15.989423 0.290000
921614 708.888306 16.874422 0.290000
921557 721.670227 17.178684 0.290000
921595 671.175781 15.976709 0.290000
921490 674.817200 16.063393 0.290000
921514 692.153381 16.476061 0.290000
921713 669.258728 15.931076 0.290000
921444 684.444458 16.292555 0.290000
921370 721.108704 17.165314 0.290000
921721 669.569275 15.938468 0.290000
921532 720.584534 17.152838 0.290000
921517 688.914978 16.398973 0.290000
921624 716.520264 17.056093 0.290000
921482 713.250916 16.978270 0.290000
921508 708.278259 16.859898 0.290000
921441 681.442749 16.221104 0.290000
921575 676.310364 16.098932 0.290000
921590 709.490662 16.888760 0.290000
921769 676.766235 16.109785 0.290000
921437 714.609741 17.010614 0.290000
921568 699.529785 16.651649 0.290000
921502 720.827881 17.158632 0.290000
921601 709.485107 16.888628 0.290000
921519 680.706055 16.203569 0.290000
921513 720.701233 17.155617 0.290000
921620 700.441528 16.673353 0.290000
921580 713.774048 16.990721 0.290000
921691 689.527222 16.413548 0.290000
921501 671.226440 15.977916 0.290000
921481 683.235352 16.263775 0.290000
921540 689.428101 16.411190 0.290000
921650 700.834656 16.682711 0.290000
921485 706.113464 16.808367 0.290000
921446 712.245667 16.954340 0.290000
921578 705.527649 16.794424 0.290000
921623 676.310364 16.098932 0.290000
921486 697.717346 16.608505 0.290000
921496 696.694458 16.584158 0.290000
921525 718.827087 17.111004 0.290000
921531 673.879028 16.041059 0.290000
921503 698.005859 16.615376 0.290000
921596 694.685974 16.536346 0.290000
921538 691.590759 16.462667 0.290000
921549 720.776123 17.157398 0.290000
921584 688.735474 16.394703 0.290000
921499 683.977539 16.281441 0.290000
921460 697.334229 16.599386 0.290000
921329 769.128845 18.308388 0.290000
921340 765.573242 18.223753 0.290000
921351 736.278870 17.526426 0.290000
921368 776.242126 18.477715 0.290000
921374 733.717651 17.465462 0.290000
921385 755.337219 17.980093 0.290000
921386 754.070923 17.949951 0.290000
921393 771.110840 18.355568 0.290000
921398 744.934875 17.732475 0.290000
921399 769.028625 18.306002 0.290000
921403 741.624817 17.653683 0.290000
921404 751.330200 17.884710 0.290000
921407 767.133606 18.260895 0.290000
921409 752.937866 17.922979 0.290000
921410 743.921753 17.708361 0.290000
921420 751.593384 17.890974 0.290000
921421 725.302856 17.265154 0.290000
921424 761.354858 18.123337 0.290000
921425 771.617371 18.367626 0.290000
921427 752.529297 17.913254 0.290000
921428 738.641907 17.582678 0.290000
921431 730.826050 17.396627 0.290000
921434 753.204346 17.929323 0.290000
921439 736.659851 17.535494 0.290000
921448 752.274902 17.907200 0.290000
921449 723.449646 17.221039 0.290000
921452 723.096191 17.212626 0.290000
921453 743.926208 17.708464 0.290000
921454 756.939331 18.018230 0.290000
921455 732.565857 17.438042 0.290000
921459 753.414612 17.934328 0.290000
921461 769.433777 18.315647 0.290000
921463 778.049072 18.520727 0.290000
921466 766.073181 18.235653 0.290000
921472 748.272400 17.811922 0.290000
921473 739.892761 17.612452 0.290000
921474 757.679260 18.035847 0.290000
921475 775.987732 18.471661 0.290000
921480 764.912598 18.208025 0.290000
921484 753.380493 17.933514 0.290000
921492 777.096619 18.498055 0.290000
921493 726.661621 17.297497 0.290000
921495 753.628235 17.939413 0.290000
921498 730.001343 17.376997 0.290000
921500 736.834900 17.539663 0.290000
921505 741.600647 17.653107 0.290000
921506 738.449219 17.578089 0.290000
921520 728.186646 17.333801 0.290000
921527 765.455444 18.220945 0.290000
921536 725.842407 17.277998 0.290000
921551 729.073120 17.354898 0.290000
921555 742.832764 17.682436 0.290000
921569 756.419617 18.005859 0.290000
921574 736.394470 17.529179 0.290000
921576 726.190369 17.286282 0.290000
921621 757.858826 18.040117 0.290000
921626 723.548767 17.223398 0.290000
921668 722.650208 17.202011 0.290000
921708 726.143005 17.285152 0.290000
921322 798.734863 19.013134 0.290000
921330 840.131714 19.998545 0.290000
921345 828.200989 19.714544 0.290000
921356 825.081482 19.640291 0.290000
921363 822.040222 19.567894 0.290000
921371 784.856262 18.682766 0.290000
921379 839.791443 19.990446 0.290000
921381 841.073181 20.020956 0.290000
921392 841.823120 20.038807 0.290000
921395 791.787842 18.847765 0.290000
921396 796.882812 18.969046 0.290000
921397 837.048584 19.925154 0.290000
921400 821.187927 19.547609 0.290000
921402 832.987610 19.828487 0.290000
921405 813.987671 19.376211 0.290000
921412 809.101929 19.259912 0.290000
921414 796.310181 18.955416 0.290000
921415 798.790955 19.014469 0.290000
921422 802.455505 19.101698 0.290000
921423 786.517822 18.722319 0.290000
921426 806.028687 19.186756 0.290000
921429 811.508972 19.317207 0.290000
921430 833.758362 19.846834 0.290000
921433 839.805725 19.990786 0.290000
921436 805.524292 19.174749 0.290000
921440 827.705566 19.702751 0.290000
921443 792.545410 18.865797 0.290000
921447 824.096069 19.616831 0.290000
921451 839.867432 19.992252 0.290000
921467 797.662354 18.987604 0.290000
921468 792.729248 18.870174 0.290000
921470 792.952759 18.875496 0.290000
921471 804.088501 19.140572 0.290000
921477 792.303162 18.860033 0.290000
921483 790.036987 18.806089 0.290000
921327 898.313110 21.383495 0.290000
921328 843.283142 20.073561 0.290000
921338 863.100159 20.545288 0.290000
921339 907.908264 21.611904 0.290000
921344 847.414612 20.171907 0.290000
921347 903.391479 21.504385 0.290000
921349 875.643127 20.843861 0.290000
921354 883.102112 21.021414 0.290000
921355 880.776489 20.966057 0.290000
921357 904.860413 21.539349 0.290000
921358 884.191162 21.047337 0.290000
921360 863.880859 20.563869 0.290000
921364 857.829102 20.419813 0.290000
921367 902.800293 21.490311 0.290000
921369 855.332825 20.360394 0.290000
921373 888.167358 21.141985 0.290000
921378 842.590576 20.057074 0.290000
921380 879.945190 20.946266 0.290000
921382 854.411194 20.338453 0.290000
921383 866.662231 20.630079 0.290000
921384 874.014465 20.805094 0.290000
921387 867.442932 20.648664 0.290000
921388 842.966003 20.066011 0.290000
921389 851.726624 20.274551 0.290000
921390 847.010437 20.162287 0.290000
921394 879.296631 20.930826 0.290000
921401 860.488220 20.483112 0.290000
921406 862.286438 20.525917 0.290000
921417 855.449585 20.363171 0.290000
921419 852.382874 20.290171 0.290000
921321 947.851807 22.562717 0.290000
921332 951.134155 22.640854 0.290000
921333 911.723816 21.702724 0.290000
921334 972.924377 23.159546 0.290000
921335 957.547180 22.793510 0.290000
921336 939.023987 22.352581 0.290000
921341 910.896729 21.683039 0.290000
921342 912.235718 21.714912 0.290000
921348 933.308105 22.216518 0.290000
921350 935.473938 22.268078 0.290000
921353 941.879211 22.420549 0.290000
921361 940.149353 22.379368 0.290000
921362 915.635986 21.795853 0.290000
921366 942.920898 22.445345 0.290000
921375 911.910950 21.707180 0.290000
921376 935.710693 22.273712 0.290000
921324 1009.632690 24.033356 0.290000
921326 1021.314575 24.311430 0.290000
921331 1026.435913 24.433338 0.290000
921337 997.456421 23.743509 0.290000
921343 996.487427 23.720444 0.290000
921346 990.672424 23.582022 0.290000
921316 1070.155029 25.474031 0.290000
921317 1064.213379 25.332596 0.290000
921320 1142.276733 27.190815 0.290000
921325 1095.838867 26.085409 0.290000
921315 1219.465698 29.028225 0.290000
921318 1200.185059 28.569267 0.290000
921319 1157.527344 27.553843 0.290000
921323 1164.541504 27.720808 0.290000
921314 1317.818481 31.369415 0.290000
912551 507.263611 13.445309 0.250000
912268 528.315918 14.003309 0.250000
912960 511.256836 13.551149 0.250000
912457 500.350006 13.262058 0.250000
912749 508.505676 13.478228 0.250000
913023 506.020447 13.412356 0.250000
913031 523.256836 13.869215 0.250000
913020 502.485260 13.318653 0.250000
912579 506.282959 13.419313 0.250000
912964 514.346558 13.633046 0.250000
913733 503.761383 13.352478 0.250000
913131 517.707947 13.722139 0.250000
912408 521.143188 13.813190 0.250000
912530 534.317017 14.162374 0.250000
912219 513.839722 13.619611 0.250000
912733 507.642029 13.455338 0.250000
912528 533.669312 14.145205 0.250000
913325 501.726166 13.298533 0.250000
913360 525.482971 13.928220 0.250000
912178 536.279541 14.214390 0.250000
912297 524.061401 13.890541 0.250000
912779 510.626160 13.534433 0.250000
912570 516.310181 13.685092 0.250000
912856 502.196625 13.311003 0.250000
911936 525.498901 13.928642 0.250000
912793 501.871582 13.302389 0.250000
912274 534.657959 14.171408 0.250000
912948 503.838623 13.354527 0.250000
912916 532.512512 14.114542 0.250000
912794 532.121582 14.104181 0.250000
912283 518.334106 13.738734 0.250000
912959 532.045471 14.102163 0.250000
912627 525.368225 13.925178 0.250000
912560 517.136353 13.706986 0.250000
913155 500.044342 13.253958 0.250000
912604 519.028442 13.757137 0.250000
912742 523.478394 13.875089 0.250000
912500 537.629517 14.250174 0.250000
912598 513.959106 13.622776 0.250000
912537 513.730713 13.616721 0.250000
912633 538.625000 14.276557 0.250000
912837 523.142029 13.866172 0.250000
912115 524.184143 13.893795 0.250000
912149 502.142029 13.309558 0.250000
913135 508.742035 13.484493 0.250000
912994 508.663635 13.482415 0.250000
912741 501.637512 13.296185 0.250000
913221 519.238647 13.762711 0.250000
912548 524.267029 13.895992 0.250000
912364 525.730713 13.934785 0.250000
913092 510.559082 13.532657 0.250000
912027 510.897705 13.541632 0.250000
912618 528.267029 14.002014 0.250000
912877 499.832947 13.248355 0.250000
912990 524.752319 13.908853 0.250000
912078 514.104553 13.626630 0.250000
912503 521.057983 13.810932 0.250000
913354 506.170471 13.416332 0.250000
912569 518.788635 13.750784 0.250000
912904 499.605713 13.242330 0.250000
912443 531.662476 14.092012 0.250000
912462 529.412476 14.032375 0.250000
913083 517.584106 13.718856 0.250000
912712 513.626099 13.613949 0.250000
913040 507.646576 13.455459 0.250000
913164 506.837494 13.434013 0.250000
912313 537.152283 14.237522 0.250000
912112 519.590942 13.772047 0.250000
913421 499.685211 13.244437 0.250000
912505 499.515930 13.239950 0.250000
912128 529.085266 14.023701 0.250000
912827 504.785217 13.379617 0.250000
912603 524.795471 13.909998 0.250000
912665 520.578430 13.798224 0.250000
912684 519.825012 13.778253 0.250000
912386 550.547729 14.592576 0.250000
912724 560.889771 14.866696 0.250000
912354 541.289734 14.347189 0.250000
912533 542.838623 14.388242 0.250000
912255 560.957947 14.868506 0.250000
912475 557.496582 14.776758 0.250000
912400 551.213623 14.610226 0.250000
912141 544.694336 14.437428 0.250000
912723 544.503418 14.432367 0.250000
912109 570.252258 15.114857 0.250000
912628 543.371582 14.402368 0.250000
912212 560.177246 14.847813 0.250000
912158 573.895447 15.211420 0.250000
911872 581.561340 15.414611 0.250000
911947 560.838623 14.865341 0.250000
912331 568.111389 15.058108 0.250000
912252 545.277222 14.452880 0.250000
912511 581.146606 15.403616 0.250000
912388 539.532959 14.300622 0.250000
912051 573.461365 15.199914 0.250000
912559 572.532959 15.175307 0.250000
912426 570.034058 15.109074 0.250000
911725 566.500000 15.015399 0.250000
912538 555.836304 14.732753 0.250000
912398 579.328430 15.355425 0.250000
912670 567.796570 15.049767 0.250000
912389 568.597717 15.071000 0.250000
911964 554.638611 14.701007 0.250000
912407 541.896606 14.363272 0.250000
912600 557.882935 14.787003 0.250000
912456 559.379517 14.826668 0.250000
912172 572.987488 15.187354 0.250000
912261 580.898865 15.397050 0.250000
912672 557.612488 14.779832 0.250000
912458 539.934082 14.311257 0.250000
912471 547.819336 14.520258 0.250000
912308 579.348877 15.355968 0.250000
912079 541.067017 14.341286 0.250000
912422 542.174988 14.370651 0.250000
912474 553.240906 14.663960 0.250000
912787 542.835266 14.388152 0.250000
912260 576.628418 15.283858 0.250000
912574 539.182983 14.291347 0.250000
912899 580.876099 15.396447 0.250000
912496 546.650024 14.489264 0.250000
912170 569.567017 15.096693 0.250000
912846 542.257935 14.372850 0.250000
911988 566.349976 15.011424 0.250000
912217 552.940918 14.656008 0.250000
912873 543.398865 14.403091 0.250000
912270 567.620483 15.045098 0.250000
912683 563.228394 14.928684 0.250000
912327 556.549988 14.751669 0.250000
912385 559.769287 14.836999 0.250000
912447 545.753418 14.465499 0.250000
912131 557.254517 14.770344 0.250000
912644 554.278442 14.691462 0.250000
911542 570.381836 15.118290 0.250000
912844 547.778442 14.519173 0.250000
912510 539.023865 14.287129 0.250000
912669 541.431763 14.350954 0.250000
912257 572.736389 15.180699 0.250000
912108 561.540894 14.883957 0.250000
912459 539.772766 14.306977 0.250000
912164 575.101135 15.243378 0.250000
912401 541.728394 14.358816 0.250000
912183 581.250000 15.406357 0.250000
912566 550.979553 14.604021 0.250000
912607 551.788635 14.625467 0.250000
912981 543.303406 14.400561 0.250000
911749 571.909058 15.158771 0.250000
912411 542.835266 14.388152 0.250000
912150 560.530640 14.857180 0.250000
912534 558.652283 14.807393 0.250000
912482 546.295471 14.479866 0.250000
912445 552.914795 14.655314 0.250000
912202 559.168152 14.821065 0.250000
912243 583.407959 15.463555 0.250000
911991 626.838623 16.614706 0.250000
912177 602.802307 15.977613 0.250000
912161 586.188660 15.537259 0.250000
911857 612.784058 16.242186 0.250000
911899 618.328491 16.389141 0.250000
911972 609.515930 16.155561 0.250000
912396 596.821594 15.819091 0.250000
912020 611.678345 16.212877 0.250000
912007 588.695435 15.603703 0.250000
911837 584.343140 15.488344 0.250000
912054 596.087524 15.799632 0.250000
911981 601.562500 15.944752 0.250000
912052 594.263672 15.751290 0.250000
911660 591.040955 15.665871 0.250000
912230 604.837524 16.031557 0.250000
912056 612.065857 16.223146 0.250000
912204 602.421570 15.967521 0.250000
911833 606.760193 16.082520 0.250000
912036 615.140869 16.304651 0.250000
911724 610.218201 16.174175 0.250000
911959 613.561401 16.262789 0.250000
911997 603.527283 15.996829 0.250000
912326 597.435181 15.835355 0.250000
912174 600.289795 15.911016 0.250000
911634 586.193176 15.537376 0.250000
912403 593.448853 15.729693 0.250000
912276 584.336365 15.488163 0.250000
912376 588.301147 15.593252 0.250000
911825 617.639771 16.370888 0.250000
912075 598.392090 15.860717 0.250000
912001 589.993164 15.638099 0.250000
912168 587.612488 15.575000 0.250000
911883 586.034119 15.533162 0.250000
912030 603.045471 15.984057 0.250000
912016 598.701111 15.868910 0.250000
911880 624.217041 16.545221 0.250000
912069 585.663635 15.523342 0.250000
912436 598.868225 15.873336 0.250000
912099 593.935242 15.742586 0.250000
912263 595.257996 15.777647 0.250000
912024 583.959106 15.478161 0.250000
912369 582.292053 15.433977 0.250000
911944 602.761353 15.976528 0.250000
912360 588.247742 15.591834 0.250000
911661 588.569275 15.600359 0.250000
911844 601.314758 15.938185 0.250000
912314 594.638611 15.761230 0.250000
912034 624.110229 16.542389 0.250000
912278 581.939758 15.424641 0.250000
912377 582.582886 15.441687 0.250000
911927 620.868225 16.456459 0.250000
912319 602.948853 15.981496 0.250000
912082 621.197693 16.465193 0.250000
912041 606.730652 16.081736 0.250000
912328 592.650024 15.708522 0.250000
912285 585.547729 15.520268 0.250000
911777 620.556824 16.448204 0.250000
911926 617.878357 16.377211 0.250000
912019 592.921570 15.715720 0.250000
912096 608.711365 16.134235 0.250000
912248 586.548889 15.546807 0.250000
911879 614.501099 16.287697 0.250000
912121 597.019348 15.824333 0.250000
912066 594.821594 15.766080 0.250000
912822 591.947754 15.689908 0.250000
912110 596.325012 15.805926 0.250000
911948 608.528442 16.129387 0.250000
911862 617.407898 16.364744 0.250000
912061 618.922729 16.404892 0.250000
912147 601.140991 15.933578 0.250000
912304 590.076172 15.640299 0.250000
911813 664.819336 17.621408 0.250000
912094 658.190918 17.445717 0.250000
911699 649.138611 17.205782 0.250000
911650 639.598816 16.952925 0.250000
911827 661.728394 17.539482 0.250000
911717 640.515930 16.977232 0.250000
911828 668.676147 17.723635 0.250000
911919 633.477295 16.790670 0.250000
911996 638.723877 16.929735 0.250000
911744 670.389771 17.769056 0.250000
911950 645.463623 17.108376 0.250000
911870 662.223877 17.552614 0.250000
911934 665.030640 17.627010 0.250000
911714 649.892090 17.225752 0.250000
911995 646.957947 17.147982 0.250000
911886 640.313660 16.971870 0.250000
911868 669.039795 17.733273 0.250000
912104 660.031860 17.494513 0.250000
911800 670.592041 17.774416 0.250000
911887 670.161377 17.763002 0.250000
912004 650.838623 17.250841 0.250000
911902 650.819336 17.250330 0.250000
911823 676.904602 17.941734 0.250000
911771 646.164795 17.126959 0.250000
911874 656.239807 17.394001 0.250000
911932 641.200012 16.995363 0.250000
911867 664.552307 17.614330 0.250000
911876 663.953430 17.598457 0.250000
912017 646.823853 17.144430 0.250000
911923 677.551147 17.958870 0.250000
911906 634.486389 16.817415 0.250000
912044 629.012512 16.672329 0.250000
911847 662.070435 17.548548 0.250000
911910 635.051147 16.832384 0.250000
911620 659.543213 17.481562 0.250000
911687 645.742065 17.115755 0.250000
911962 651.965881 17.280720 0.250000
911802 631.777222 16.745609 0.250000
911853 629.073853 16.673954 0.250000
911801 648.945435 17.200663 0.250000
911942 647.831787 17.171143 0.250000
911953 657.880676 17.437494 0.250000
912139 638.704529 16.929220 0.250000
911965 666.543152 17.667099 0.250000
911736 635.638611 16.847958 0.250000
911888 659.819336 17.488878 0.250000
911928 640.607971 16.979671 0.250000
911908 650.732971 17.248041 0.250000
911760 660.359131 17.503189 0.250000
912197 652.672729 17.299454 0.250000
911920 650.939819 17.253523 0.250000
911864 649.696594 17.220572 0.250000
911900 636.389771 16.867867 0.250000
911915 654.555664 17.349363 0.250000
911769 675.872742 17.914385 0.250000
911811 664.882935 17.623093 0.250000
911938 643.930664 17.067741 0.250000
911893 665.936340 17.651016 0.250000
911958 655.379517 17.371202 0.250000
911889 657.653442 17.431471 0.250000
911608 639.515930 16.950727 0.250000
911784 643.242065 17.049490 0.250000
911768 645.587524 17.111658 0.250000
912085 631.693237 16.743382 0.250000
911787 636.549988 16.872112 0.250000
911605 663.518188 17.586922 0.250000
911814 676.046631 17.918991 0.250000
911807 651.510193 17.268642 0.250000
911729 707.127258 18.742800 0.250000
911654 718.219360 19.036802 0.250000
911815 687.914734 18.233564 0.250000
911834 731.821594 19.397339 0.250000
911971 693.460205 18.380550 0.250000
911563 725.493225 19.229601 0.250000
911839 692.348877 18.351095 0.250000
911631 686.856812 18.205523 0.250000
911673 719.340942 19.066534 0.250000
911636 729.770447 19.342974 0.250000
911720 727.522705 19.283396 0.250000
911740 718.873901 19.054152 0.250000
911830 685.520447 18.170103 0.250000
911750 709.879517 18.815752 0.250000
911710 700.402283 18.564550 0.250000
911723 704.325073 18.668528 0.250000
911780 705.780640 18.707109 0.250000
911693 693.234131 18.374557 0.250000
911789 713.515869 18.912138 0.250000
911735 689.827271 18.284256 0.250000
911804 685.875000 18.179501 0.250000
911707 719.361389 19.067076 0.250000
911858 714.120483 18.928162 0.250000
911702 689.279541 18.269737 0.250000
911698 683.085205 18.105556 0.250000
911924 679.431824 18.008720 0.250000
911817 683.696655 18.121763 0.250000
911669 727.027283 19.270264 0.250000
911776 726.057983 19.244572 0.250000
911721 693.345459 18.377506 0.250000
911779 723.131836 19.167013 0.250000
911592 700.626160 18.570488 0.250000
911810 703.011353 18.633709 0.250000
911621 682.685242 18.094955 0.250000
911881 696.827271 18.469795 0.250000
911641 694.219360 18.400671 0.250000
911731 722.952271 19.162252 0.250000
911644 712.822693 18.893764 0.250000
911719 704.748901 18.679762 0.250000
911726 711.128479 18.848856 0.250000
911703 730.315857 19.357430 0.250000
911774 717.815857 19.026112 0.250000
911895 691.016968 18.315792 0.250000
911865 704.595459 18.675697 0.250000
911678 688.192017 18.240913 0.250000
911758 713.785217 18.919275 0.250000
911856 688.502319 18.249138 0.250000
911765 716.636353 18.994846 0.250000
911775 705.397766 18.696960 0.250000
911597 700.549988 18.568468 0.250000
911682 694.465942 18.407207 0.250000
911752 694.242065 18.401272 0.250000
911626 690.545471 18.303291 0.250000
911809 706.561340 18.727802 0.250000
911793 702.880676 18.630245 0.250000
911614 721.217102 19.116261 0.250000
911691 732.453430 19.414087 0.250000
911705 732.646606 19.419207 0.250000
911799 732.877319 19.425322 0.250000
911582 733.073853 19.430532 0.250000
911884 733.208008 19.434088 0.250000
911544 733.238647 19.434898 0.250000
911713 733.623901 19.445108 0.250000
911683 735.317017 19.489988 0.250000
911727 736.035278 19.509024 0.250000
911647 737.195435 19.539776 0.250000
911671 738.281799 19.568571 0.250000
911696 738.512512 19.574686 0.250000
911792 739.835205 19.609745 0.250000
911766 740.782898 19.634865 0.250000
911610 741.679565 19.658628 0.250000
911694 745.012573 19.746971 0.250000
911675 746.688599 19.791397 0.250000
911655 747.355652 19.809078 0.250000
911767 749.060181 19.854256 0.250000
911591 749.468140 19.865072 0.250000
911859 749.554565 19.867359 0.250000
911625 749.751099 19.872570 0.250000
911756 750.700073 19.897722 0.250000
911770 753.988647 19.984888 0.250000
911701 756.867065 20.061182 0.250000
911659 759.023804 20.118349 0.250000
911628 759.686401 20.135908 0.250000
911609 760.287476 20.151840 0.250000
911708 760.926147 20.168770 0.250000
911639 761.771606 20.191181 0.250000
911662 762.701111 20.215818 0.250000
911718 763.186401 20.228680 0.250000
911622 763.702271 20.242353 0.250000
911561 765.012512 20.277082 0.250000
911653 765.601135 20.292685 0.250000
911667 766.053406 20.304674 0.250000
911668 766.153442 20.307322 0.250000
911757 766.445435 20.315062 0.250000
911635 766.797729 20.324400 0.250000
911576 767.492065 20.342804 0.250000
911692 770.033020 20.410154 0.250000
911587 770.213684 20.414942 0.250000
911607 771.618164 20.452169 0.250000
911562 771.631836 20.452530 0.250000
911741 772.879517 20.485601 0.250000
911612 773.903381 20.512739 0.250000
911532 774.119263 20.518463 0.250000
911575 774.810242 20.536777 0.250000
911627 782.623840 20.743879 0.250000
911643 783.039795 20.754904 0.250000
911623 783.346558 20.763035 0.250000
911633 784.494263 20.793459 0.250000
911517 784.817017 20.802011 0.250000
911742 784.854553 20.803007 0.250000
911549 785.551147 20.821468 0.250000
911663 785.700012 20.825417 0.250000
911688 786.095398 20.835896 0.250000
911566 786.782959 20.854120 0.250000
911640 788.351196 20.895685 0.250000
911637 790.673950 20.957251 0.250000
911664 791.806763 20.987278 0.250000
911539 791.878479 20.989178 0.250000
911593 792.375000 21.002338 0.250000
911649 792.754578 21.012400 0.250000
911681 792.974976 21.018242 0.250000
911596 793.992065 21.045200 0.250000
911606 794.902222 21.069326 0.250000
911599 795.870483 21.094990 0.250000
911629 797.436401 21.136494 0.250000
911601 800.673889 21.222305 0.250000
911616 800.788635 21.225348 0.250000
911665 800.904602 21.228418 0.250000
911657 803.110229 21.286882 0.250000
911618 803.798889 21.305138 0.250000
911632 807.995483 21.416368 0.250000
911525 808.448853 21.428389 0.250000
911674 809.748840 21.462841 0.250000
911588 812.043213 21.523657 0.250000
911600 813.193176 21.554134 0.250000
911611 815.167053 21.606453 0.250000
911602 817.302307 21.663050 0.250000
911589 817.578430 21.670370 0.250000
911586 818.327271 21.690218 0.250000
911604 827.018188 21.920578 0.250000
911579 827.162476 21.924402 0.250000
911645 828.038696 21.947624 0.250000
911656 830.105652 22.002413 0.250000
911672 830.868164 22.022621 0.250000
911571 831.376160 22.036087 0.250000
911510 832.981812 22.078646 0.250000
911583 833.268188 22.086235 0.250000
911598 836.523804 22.172527 0.250000
911557 836.900024 22.182499 0.250000
911652 837.502258 22.198462 0.250000
911585 841.835266 22.313309 0.250000
911553 842.884094 22.341108 0.250000
911574 847.554565 22.464907 0.250000
911595 851.969360 22.581919 0.250000
911520 852.314758 22.591078 0.250000
911578 854.128418 22.639147 0.250000
911535 856.359070 22.698273 0.250000
911615 859.217102 22.774027 0.250000
911646 863.730652 22.893661 0.250000
911638 864.596558 22.916607 0.250000
911603 867.221558 22.986189 0.250000
911572 871.939758 23.111244 0.250000
911556 873.722778 23.158503 0.250000
911527 874.875000 23.189049 0.250000
911577 875.203430 23.197752 0.250000
911540 875.729614 23.211697 0.250000
911570 876.320435 23.227356 0.250000
911558 876.391968 23.229254 0.250000
911590 877.734070 23.264828 0.250000
911522 878.235229 23.278111 0.250000
911519 882.581848 23.393320 0.250000
911594 893.293152 23.677229 0.250000
911573 894.403442 23.706657 0.250000
911555 895.153442 23.726534 0.250000
911613 897.915894 23.799759 0.250000
911565 898.284058 23.809517 0.250000
911551 898.584106 23.817471 0.250000
911581 902.131836 23.911503 0.250000
911559 908.277222 24.074390 0.250000
911584 909.985229 24.119665 0.250000
911534 912.114746 24.176105 0.250000
911531 912.349976 24.182344 0.250000
911528 913.031860 24.200415 0.250000
911518 915.353394 24.261948 0.250000
911513 917.023926 24.306227 0.250000
911554 917.759094 24.325714 0.250000
911547 918.896606 24.355865 0.250000
911552 920.214722 24.390802 0.250000
911580 920.512512 24.398695 0.250000
911569 922.152344 24.442156 0.250000
911548 930.776184 24.670738 0.250000
911567 930.856812 24.672874 0.250000
911541 935.823914 24.804529 0.250000
911516 936.452271 24.821188 0.250000
911543 940.562500 24.930132 0.250000
911533 947.564758 25.115725 0.250000
911509 949.039856 25.154823 0.250000
911507 954.061340 25.287922 0.250000
911538 954.993164 25.312620 0.250000
911545 959.985229 25.444939 0.250000
911537 960.577271 25.460630 0.250000
911550 963.095398 25.527376 0.250000
911530 985.646606 26.125109 0.250000
911526 996.488586 26.412479 0.250000
911546 997.575012 26.441278 0.250000
911560 997.689758 26.444319 0.250000
911523 1000.571594 26.520702 0.250000
911529 1003.977234 26.610966 0.250000
911512 1010.706848 26.789341 0.250000
911536 1016.340942 26.938675 0.250000
911515 1019.785278 27.029970 0.250000
911524 1034.353394 27.416107 0.250000
911521 1062.468140 28.161304 0.250000
911514 1077.629639 28.563162 0.250000
911511 1103.790894 29.256582 0.250000
911503 1138.034058 30.164213 0.250000
911504 1151.625000 30.524454 0.250000
911508 1151.625000 30.524454 0.250000
911506 1162.772705 30.819923 0.250000
911505 1210.454468 32.083755 0.250000
911502 1266.261475 33.562943 0.250000
911501 1341.909058 35.568024 0.250000
902505 543.090271 16.435226 0.210000
903180 524.482300 15.872106 0.210000
902502 509.251709 15.411192 0.210000
902899 537.064453 16.252872 0.210000
901899 543.727661 16.454515 0.210000
903223 516.946838 15.644064 0.210000
902981 512.677246 15.514856 0.210000
903240 533.768066 16.153116 0.210000
903021 535.145081 16.194788 0.210000
902737 527.320862 15.958006 0.210000
903046 532.727966 16.121641 0.210000
902092 507.171509 15.348240 0.210000
902443 517.247375 15.653158 0.210000
902955 516.012390 15.615786 0.210000
903255 513.907532 15.552087 0.210000
902555 534.581604 16.177734 0.210000
902950 532.925171 16.127607 0.210000
902788 539.657654 16.331348 0.210000
902597 528.006470 15.978754 0.210000
902622 586.856628 17.759705 0.210000
902243 565.385559 17.109938 0.210000
902553 551.203247 16.680744 0.210000
903190 557.240784 16.863457 0.210000
902367 566.045288 17.129900 0.210000
902456 565.988892 17.128195 0.210000
902038 559.325623 16.926548 0.210000
901998 576.996826 17.461321 0.210000
902186 552.290344 16.713644 0.210000
902390 566.835266 17.153811 0.210000
902690 565.809326 17.122761 0.210000
902693 565.731812 17.120415 0.210000
902926 551.751465 16.697336 0.210000
902679 553.148499 16.739613 0.210000
902521 553.284607 16.743732 0.210000
902754 556.974304 16.855392 0.210000
902148 581.630310 17.601542 0.210000
902672 549.602051 16.632288 0.210000
902086 614.501465 18.596304 0.210000
902360 589.883057 17.851290 0.210000
902481 608.036682 18.400663 0.210000
902031 634.815186 19.211046 0.210000
901845 600.483643 18.172089 0.210000
902184 596.641357 18.055817 0.210000
901799 630.526794 19.081268 0.210000
902127 614.355957 18.591900 0.210000
902248 631.023438 19.096296 0.210000
902183 630.668884 19.085567 0.210000
902222 605.226379 18.315615 0.210000
902276 626.969849 18.973627 0.210000
902268 635.309448 19.226000 0.210000
902173 611.177002 18.495695 0.210000
902423 617.710999 18.693434 0.210000
902088 595.175110 18.011442 0.210000
902161 591.236572 17.892252 0.210000
901837 617.144043 18.676275 0.210000
902180 596.171753 18.041603 0.210000
902338 612.428345 18.533564 0.210000
902379 600.179626 18.162886 0.210000
901874 613.268860 18.559002 0.210000
902540 589.706970 17.845963 0.210000
902316 625.774780 18.937460 0.210000
902163 616.209595 18.647995 0.210000
902405 615.027466 18.612221 0.210000
901882 624.417725 18.896391 0.210000
901846 610.865845 18.486280 0.210000
901908 680.512756 20.593964 0.210000
901991 646.190552 19.555292 0.210000
901884 679.298950 20.557230 0.210000
902179 654.780212 19.815233 0.210000
902083 655.884888 19.848663 0.210000
902071 654.059448 19.793421 0.210000
902147 637.770020 19.300467 0.210000
901765 681.987183 20.638580 0.210000
902150 653.954956 19.790258 0.210000
902001 644.316956 19.498592 0.210000
902014 651.381714 19.712387 0.210000
901813 687.144287 20.794647 0.210000
901842 658.921875 19.940571 0.210000
901806 681.654968 20.628531 0.210000
901990 643.480042 19.473263 0.210000
901825 679.271912 20.556412 0.210000
901790 649.789917 19.664215 0.210000
901886 680.828491 20.603518 0.210000
901735 672.481873 20.350929 0.210000
901726 676.603516 20.475660 0.210000
901955 659.706055 19.964300 0.210000
902162 654.845947 19.817221 0.210000
902267 639.136475 19.341816 0.210000
902153 666.890503 20.181719 0.210000
901704 700.793518 21.207706 0.210000
901739 689.338318 20.861048 0.210000
901937 724.430664 21.923023 0.210000
901857 721.594421 21.837191 0.210000
902058 693.661926 20.991886 0.210000
901811 702.071960 21.246395 0.210000
901802 724.207581 21.916271 0.210000
901841 725.718445 21.961996 0.210000
901930 697.737854 21.115234 0.210000
901821 705.995239 21.365124 0.210000
901789 710.115784 21.489820 0.210000
901869 700.122070 21.187387 0.210000
901997 695.030701 21.033310 0.210000
901839 712.966064 21.576077 0.210000
901848 691.135681 20.915438 0.210000
901693 721.716492 21.840887 0.210000
901953 699.762878 21.176516 0.210000
901786 701.434570 21.227104 0.210000
901762 717.961121 21.727240 0.210000
901935 709.636780 21.475327 0.210000
901784 724.910767 21.937553 0.210000
901683 739.063660 22.365856 0.210000
901676 698.552551 21.139889 0.210000
901900 718.222839 21.735163 0.210000
901865 709.600403 21.474224 0.210000
901939 720.800842 21.813175 0.210000
901769 713.038879 21.578281 0.210000
901867 718.564514 21.745499 0.210000
901860 695.092896 21.035192 0.210000
901833 705.205139 21.341213 0.210000
901999 687.645508 20.809818 0.210000
901915 705.550293 21.351660 0.210000
901809 721.519287 21.834919 0.210000
901798 714.014343 21.607801 0.210000
901803 713.882874 21.603823 0.210000
902062 718.123108 21.732141 0.210000
901887 719.704407 21.779995 0.210000
901772 709.954895 21.484953 0.210000
901800 724.292114 21.918831 0.210000
901787 713.184387 21.582684 0.210000
901847 735.979736 22.272528 0.210000
901788 742.625366 22.473640 0.210000
901864 743.124268 22.488737 0.210000
901927 743.726501 22.506964 0.210000
901936 743.889648 22.511900 0.210000
901753 744.786621 22.539043 0.210000
901697 745.067139 22.547533 0.210000
901691 745.198547 22.551514 0.210000
901741 745.501404 22.560678 0.210000
901662 745.961670 22.574606 0.210000
901827 748.615906 22.654926 0.210000
901728 748.661682 22.656315 0.210000
901710 749.963623 22.695715 0.210000
901820 750.849915 22.722534 0.210000
901836 751.310059 22.736460 0.210000
901743 751.460388 22.741007 0.210000
901852 752.408875 22.769712 0.210000
901625 752.954712 22.786232 0.210000
901792 755.478699 22.862612 0.210000
901674 756.019897 22.878988 0.210000
901705 756.111450 22.881760 0.210000
901721 756.712524 22.899950 0.210000
901853 757.049438 22.910145 0.210000
901759 757.391052 22.920485 0.210000
901767 759.569824 22.986416 0.210000
901755 759.852783 22.994980 0.210000
901834 760.065247 23.001410 0.210000
901719 763.312317 23.099674 0.210000
901779 763.606995 23.108593 0.210000
901738 763.756104 23.113106 0.210000
901756 765.676636 23.171227 0.210000
901650 766.343445 23.191402 0.210000
901877 769.272339 23.280039 0.210000
901627 773.559570 23.409781 0.210000
901680 774.951843 23.451918 0.210000
901783 775.172546 23.458597 0.210000
901751 776.050659 23.485168 0.210000
901658 777.210510 23.520267 0.210000
901718 777.345520 23.524351 0.210000
901793 777.397156 23.525915 0.210000
901703 777.488770 23.528688 0.210000
901744 780.996399 23.634838 0.210000
901815 781.092712 23.637753 0.210000
901796 782.803101 23.689514 0.210000
901722 783.413574 23.707985 0.210000
901727 783.593140 23.713421 0.210000
901594 786.193420 23.792114 0.210000
901746 786.581970 23.803869 0.210000
901740 787.213562 23.822983 0.210000
901696 791.588806 23.955389 0.210000
901742 791.885803 23.964380 0.210000
901707 792.532654 23.983952 0.210000
901698 794.619873 24.047117 0.210000
901660 796.764648 24.112022 0.210000
901750 797.000549 24.119164 0.210000
901654 797.389160 24.130920 0.210000
901754 797.456055 24.132946 0.210000
901649 798.431580 24.162470 0.210000
901645 798.633484 24.168579 0.210000
901715 799.383667 24.191280 0.210000
901733 800.733643 24.232136 0.210000
901678 801.455627 24.253984 0.210000
901690 801.616516 24.258852 0.210000
901711 802.534424 24.286633 0.210000
901585 802.688293 24.291290 0.210000
901807 803.180237 24.306173 0.210000
901672 803.198975 24.306744 0.210000
901725 803.866882 24.326952 0.210000
901757 804.405701 24.343262 0.210000
901624 804.771973 24.354343 0.210000
901664 805.374207 24.372570 0.210000
901626 805.630127 24.380318 0.210000
901652 807.737305 24.444086 0.210000
901673 809.201233 24.488386 0.210000
901701 810.676880 24.533041 0.210000
901644 814.324280 24.643419 0.210000
901724 815.752930 24.686655 0.210000
901708 820.271362 24.823395 0.210000
901632 820.469788 24.829399 0.210000
901687 820.494446 24.830145 0.210000
901688 820.826660 24.840200 0.210000
901679 821.784607 24.869183 0.210000
901717 823.228516 24.912882 0.210000
901651 826.726868 25.018747 0.210000
901640 831.234680 25.155167 0.210000
901716 831.306396 25.157337 0.210000
901669 832.297180 25.187321 0.210000
901712 835.129822 25.273046 0.210000
901637 836.012573 25.299759 0.210000
901602 836.443420 25.312796 0.210000
901667 838.687988 25.380724 0.210000
901638 842.813232 25.505560 0.210000
901665 843.197021 25.517181 0.210000
901657 843.294495 25.520126 0.210000
901685 844.561157 25.558460 0.210000
901653 844.853455 25.567307 0.210000
901663 847.045166 25.633635 0.210000
901689 847.211914 25.638678 0.210000
901730 847.370300 25.643473 0.210000
901709 849.375427 25.704151 0.210000
901603 853.459534 25.827744 0.210000
901648 855.094849 25.877234 0.210000
901666 856.441345 25.917982 0.210000
901681 857.024780 25.935638 0.210000
901621 859.292725 26.004274 0.210000
901618 860.664001 26.045771 0.210000
901714 862.009277 26.086481 0.210000
901675 862.688904 26.107052 0.210000
901647 865.993591 26.207056 0.210000
901583 871.731689 26.380709 0.210000
901661 872.271729 26.397051 0.210000
901692 873.979797 26.448744 0.210000
901590 876.770203 26.533182 0.210000
901642 879.179138 26.606079 0.210000
901643 880.205200 26.637133 0.210000
901656 881.335754 26.671347 0.210000
901631 883.185852 26.727333 0.210000
901591 887.204102 26.848934 0.210000
901617 891.096924 26.966742 0.210000
901601 892.217957 27.000669 0.210000
901639 895.312500 27.094315 0.210000
901588 895.706909 27.106253 0.210000
901597 896.431274 27.128174 0.210000
901623 896.560425 27.132082 0.210000
901641 900.248840 27.243706 0.210000
901568 901.204407 27.272621 0.210000
901659 901.999207 27.296673 0.210000
901629 905.538635 27.403784 0.210000
901695 910.581726 27.556398 0.210000
901620 912.545776 27.615837 0.210000
901622 912.610352 27.617790 0.210000
901633 912.690125 27.620205 0.210000
901614 913.555298 27.646387 0.210000
901576 914.880615 27.686497 0.210000
901635 916.951477 27.749165 0.210000
901615 917.406982 27.762947 0.210000
901671 919.146729 27.815601 0.210000
901611 920.169189 27.846544 0.210000
901613 922.332764 27.912018 0.210000
901630 934.579285 28.282619 0.210000
901612 935.780212 28.318966 0.210000
901580 940.924377 28.474638 0.210000
901599 947.843445 28.684029 0.210000
901589 948.406921 28.701080 0.210000
901636 948.507874 28.704136 0.210000
901668 951.102356 28.782644 0.210000
901616 954.733276 28.892532 0.210000
901595 954.891785 28.897327 0.210000
901570 959.211731 29.028063 0.210000
901634 960.528870 29.067919 0.210000
901582 960.706116 29.073284 0.210000
901600 965.064941 29.205194 0.210000
901608 967.232056 29.270775 0.210000
901610 976.484985 29.550791 0.210000
901606 976.561340 29.553099 0.210000
901581 981.909729 29.714954 0.210000
901571 981.986023 29.717262 0.210000
901573 990.612061 29.978308 0.210000
901592 996.879700 30.167982 0.210000
901609 997.574585 30.189014 0.210000
901619 999.911926 30.259747 0.210000
901575 1008.266846 30.512583 0.210000
901593 1015.495850 30.731346 0.210000
901604 1018.593872 30.825102 0.210000
901564 1028.654419 31.129560 0.210000
901598 1030.356567 31.181070 0.210000
901586 1036.247437 31.359341 0.210000
901584 1054.227295 31.903454 0.210000
901578 1061.684082 32.129116 0.210000
901587 1068.458862 32.334137 0.210000
901577 1081.873291 32.740089 0.210000
901574 1082.940430 32.772381 0.210000
901579 1084.603882 32.822723 0.210000
901565 1128.048706 34.137459 0.210000
901572 1133.621338 34.306107 0.210000
901569 1164.249146 35.232975 0.210000
901566 1213.302979 36.717457 0.210000
901567 1248.626465 37.786430 0.210000
901563 1295.677612 39.210304 0.210000
901562 1326.551880 40.144634 0.210000
892797 526.526123 18.859686 0.170000
892825 525.943359 18.838812 0.170000
892729 539.646484 19.329645 0.170000
892916 536.791016 19.227365 0.170000
893252 524.559326 18.789236 0.170000
892040 541.766296 19.405573 0.170000
893319 523.868530 18.764490 0.170000
892782 550.356934 19.713285 0.170000
892881 516.554993 18.502529 0.170000
892713 520.062439 18.628160 0.170000
892917 521.555725 18.681650 0.170000
892771 539.431580 19.321947 0.170000
892563 520.336853 18.637989 0.170000
892489 530.661194 19.007799 0.170000
893247 530.553162 19.003931 0.170000
893219 526.022217 18.841637 0.170000
892870 524.786316 18.797369 0.170000
892432 591.654602 21.192524 0.170000
892331 570.801819 20.445597 0.170000
891990 587.884888 21.057497 0.170000
892428 554.793091 19.872183 0.170000
892324 597.508789 21.402216 0.170000
892399 585.682556 20.978615 0.170000
892143 582.245544 20.855505 0.170000
892469 587.145508 21.031013 0.170000
891908 579.054993 20.741220 0.170000
892467 555.680603 19.903973 0.170000
891775 582.731201 20.872898 0.170000
892164 560.946045 20.092575 0.170000
892545 571.921143 20.485691 0.170000
892403 585.455566 20.970480 0.170000
892459 570.931702 20.450251 0.170000
892371 580.037170 20.776403 0.170000
891989 638.346252 22.864977 0.170000
892089 600.055908 21.493450 0.170000
892030 616.888855 22.096394 0.170000
891929 645.135254 23.108152 0.170000
892520 612.211060 21.928841 0.170000
892211 620.384155 22.221594 0.170000
892020 625.053467 22.388844 0.170000
892075 620.049072 22.209589 0.170000
891750 645.628174 23.125811 0.170000
891946 611.281067 21.895531 0.170000
892062 630.795898 22.594534 0.170000
891975 605.188965 21.677311 0.170000
892028 642.196045 23.002871 0.170000
892085 603.723511 21.624825 0.170000
892125 603.208801 21.606388 0.170000
891905 643.807068 23.060579 0.170000
892396 632.239441 22.646238 0.170000
892026 624.847046 22.381447 0.170000
892115 604.975281 21.669661 0.170000
892197 616.434814 22.080130 0.170000
892521 607.279602 21.752199 0.170000
892323 609.186829 21.820513 0.170000
892172 604.523621 21.653481 0.170000
892118 682.863464 24.459543 0.170000
892157 647.979858 23.210041 0.170000
892067 653.751465 23.416777 0.170000
892083 674.836121 24.172010 0.170000
891984 669.137390 23.967886 0.170000
891847 677.287292 24.259808 0.170000
891954 696.827698 24.959726 0.170000
891861 646.575134 23.159727 0.170000
892245 651.025940 23.319151 0.170000
891646 696.720825 24.955900 0.170000
891993 685.841614 24.566217 0.170000
891978 677.140442 24.254549 0.170000
892156 647.865662 23.205950 0.170000
891983 657.511414 23.551458 0.170000
892044 662.614136 23.734228 0.170000
891745 646.504761 23.157207 0.170000
891965 657.719055 23.558895 0.170000
892049 675.382446 24.191582 0.170000
891797 671.352966 24.047247 0.170000
891839 687.266968 24.617273 0.170000
891800 684.542603 24.519686 0.170000
891928 658.235046 23.577374 0.170000
892058 663.392334 23.762102 0.170000
891896 694.536743 24.877665 0.170000
891903 664.794617 23.812332 0.170000
891880 680.820251 24.386360 0.170000
891886 692.495911 24.804569 0.170000
891933 660.487183 23.658043 0.170000
891622 746.462280 26.737587 0.170000
891767 720.762939 25.817066 0.170000
891982 722.902161 25.893692 0.170000
891818 732.224976 26.227623 0.170000
891820 727.419678 26.055506 0.170000
891716 707.946045 25.357975 0.170000
891812 729.000366 26.112122 0.170000
891742 710.159302 25.437250 0.170000
891735 724.884705 25.964703 0.170000
891717 743.195251 26.620565 0.170000
891628 746.800964 26.749723 0.170000
891817 707.041565 25.325581 0.170000
891712 722.446899 25.877384 0.170000
891731 709.081299 25.398636 0.170000
891806 707.329285 25.335884 0.170000
891795 725.872986 26.000103 0.170000
891771 707.555176 25.343973 0.170000
891600 731.917786 26.216619 0.170000
891690 716.494263 25.664165 0.170000
891802 697.908264 24.998426 0.170000
891709 713.853699 25.569586 0.170000
891685 747.154297 26.762375 0.170000
891763 743.031311 26.614695 0.170000
891916 732.034302 26.220793 0.170000
891684 703.554810 25.200684 0.170000
891645 748.030823 26.793774 0.170000
891799 741.371704 26.555254 0.170000
891729 746.147766 26.726324 0.170000
891758 700.552429 25.093143 0.170000
891869 739.339294 26.482454 0.170000
891752 703.766052 25.208250 0.170000
891888 710.546570 25.451126 0.170000
891756 702.928284 25.178244 0.170000
891815 716.891296 25.678387 0.170000
891672 720.928101 25.822979 0.170000
891718 719.143372 25.759052 0.170000
891784 715.238953 25.619202 0.170000
891739 753.004822 26.971937 0.170000
891828 753.146912 26.977026 0.170000
891768 753.174805 26.978024 0.170000
891862 753.616760 26.993858 0.170000
891530 754.075684 27.010294 0.170000
891682 755.390503 27.057388 0.170000
891749 755.564087 27.063606 0.170000
891803 755.604126 27.065044 0.170000
891887 756.418762 27.094223 0.170000
891599 757.646179 27.138187 0.170000
891740 758.017700 27.151497 0.170000
891661 758.185242 27.157495 0.170000
891805 761.231323 27.266603 0.170000
891674 763.507690 27.348141 0.170000
891813 763.771179 27.357580 0.170000
891706 764.526306 27.384624 0.170000
891608 765.087219 27.404718 0.170000
891627 765.112671 27.405630 0.170000
891761 765.680908 27.425985 0.170000
891632 767.208191 27.480692 0.170000
891656 767.421814 27.488340 0.170000
891780 768.950378 27.543097 0.170000
891644 770.960876 27.615107 0.170000
891501 772.133667 27.657116 0.170000
891664 772.701782 27.677467 0.170000
891708 772.874207 27.683643 0.170000
891658 772.914246 27.685078 0.170000
891616 772.940979 27.686031 0.170000
891703 773.938965 27.721781 0.170000
891671 775.289062 27.770138 0.170000
891650 776.664551 27.819407 0.170000
891698 777.746216 27.858154 0.170000
891665 781.080078 27.977566 0.170000
891587 781.343567 27.987005 0.170000
891641 783.298157 28.057018 0.170000
891569 783.999878 28.082150 0.170000
891614 784.883728 28.113806 0.170000
891720 785.143494 28.123116 0.170000
891636 786.052856 28.155685 0.170000
891714 786.173035 28.159990 0.170000
891697 787.378601 28.203171 0.170000
891640 787.791443 28.217955 0.170000
891578 788.246704 28.234266 0.170000
891567 788.505310 28.243528 0.170000
891692 789.994934 28.296886 0.170000
891571 790.465942 28.313759 0.170000
891728 792.743591 28.395340 0.170000
891754 792.948730 28.402691 0.170000
891615 793.314148 28.415779 0.170000
891679 793.558228 28.424520 0.170000
891676 794.109375 28.444265 0.170000
891585 795.092773 28.479486 0.170000
891639 795.245728 28.484966 0.170000
891669 795.344116 28.488489 0.170000
891630 795.951172 28.510233 0.170000
891652 796.107727 28.515841 0.170000
891596 800.950623 28.689310 0.170000
891721 801.174072 28.697315 0.170000
891513 802.112549 28.730930 0.170000
891670 804.350037 28.811071 0.170000
891594 804.640137 28.821465 0.170000
891619 805.123413 28.838778 0.170000
891732 805.499756 28.852259 0.170000
891688 808.475403 28.958839 0.170000
891680 809.126160 28.982151 0.170000
891700 809.763550 29.004986 0.170000
891660 809.884949 29.009331 0.170000
891610 810.688660 29.038115 0.170000
891677 811.598022 29.070690 0.170000
891568 811.843201 29.079472 0.170000
891657 812.973572 29.119957 0.170000
891662 814.086792 29.159838 0.170000
891624 814.891785 29.188673 0.170000
891579 816.920410 29.261333 0.170000
891666 818.306946 29.311001 0.170000
891582 819.812378 29.364920 0.170000
891648 820.675537 29.395842 0.170000
891564 821.134399 29.412277 0.170000
891675 821.212219 29.415062 0.170000
891647 822.015869 29.443848 0.170000
891612 823.250488 29.488073 0.170000
891521 823.713135 29.504642 0.170000
891566 823.739807 29.505594 0.170000
891597 824.113831 29.518991 0.170000
891549 825.044922 29.552347 0.170000
891575 825.304749 29.561649 0.170000
891589 825.987061 29.586092 0.170000
891741 826.690002 29.611271 0.170000
891558 827.080994 29.625271 0.170000
891629 829.884277 29.725683 0.170000
891590 830.031128 29.730942 0.170000
891559 831.447876 29.781691 0.170000
891605 832.393616 29.815567 0.170000
891653 833.016479 29.837879 0.170000
891562 833.696350 29.862228 0.170000
891635 834.134644 29.877930 0.170000
891580 834.852173 29.903629 0.170000
891588 835.431274 29.924374 0.170000
891643 835.755493 29.935986 0.170000
891618 838.949646 30.050396 0.170000
891667 841.647217 30.147024 0.170000
891613 842.520142 30.178293 0.170000
891563 843.101685 30.199120 0.170000
891637 844.823242 30.260786 0.170000
891598 846.169678 30.309015 0.170000
891583 850.638611 30.469086 0.170000
891490 850.890015 30.478092 0.170000
891593 850.939697 30.479874 0.170000
891633 852.639404 30.540751 0.170000
891539 854.640198 30.612419 0.170000
891591 863.641296 30.934828 0.170000
891527 864.327209 30.959398 0.170000
891603 867.438843 31.070854 0.170000
891607 869.531921 31.145826 0.170000
891651 870.971741 31.197395 0.170000
891565 872.727356 31.260286 0.170000
891572 876.335510 31.389524 0.170000
891552 882.247986 31.601303 0.170000
891560 884.468506 31.680840 0.170000
891561 885.573303 31.720415 0.170000
891611 887.595886 31.792858 0.170000
891621 888.533264 31.826435 0.170000
891595 888.656982 31.830870 0.170000
891584 888.989685 31.842787 0.170000
891577 890.101807 31.882616 0.170000
891550 892.413330 31.965418 0.170000
891604 892.448547 31.966675 0.170000
891553 893.398010 32.000683 0.170000
891554 894.843872 32.052475 0.170000
891592 897.062012 32.131927 0.170000
891510 900.488098 32.254642 0.170000
891509 901.878235 32.304440 0.170000
891537 903.944458 32.378448 0.170000
891502 907.652283 32.511261 0.170000
891534 909.797607 32.588100 0.170000
891573 912.904297 32.699383 0.170000
891574 913.136230 32.707691 0.170000
891507 913.760254 32.730038 0.170000
891528 914.504395 32.756695 0.170000
891540 914.744751 32.765308 0.170000
891551 915.052063 32.776314 0.170000
891546 915.733093 32.800705 0.170000
891494 918.337280 32.893990 0.170000
891548 919.009827 32.918076 0.170000
891542 923.515259 33.079456 0.170000
891586 925.923889 33.165730 0.170000
891547 926.527283 33.187344 0.170000
891512 929.761597 33.303192 0.170000
891525 930.364990 33.324806 0.170000
891543 935.523560 33.509583 0.170000
891515 935.726257 33.516846 0.170000
891555 936.469299 33.543457 0.170000
891529 936.868713 33.557762 0.170000
891556 936.958618 33.560986 0.170000
891541 937.382324 33.576160 0.170000
891519 938.046448 33.599949 0.170000
891487 946.805847 33.913700 0.170000
891581 948.165527 33.962402 0.170000
891532 956.770874 34.270641 0.170000
891535 958.866394 34.345695 0.170000
891526 960.695984 34.411232 0.170000
891508 964.617371 34.551693 0.170000
891538 966.799072 34.629837 0.170000
891492 974.699036 34.912807 0.170000
891488 978.052185 35.032917 0.170000
891557 978.729675 35.057178 0.170000
891511 981.477051 35.155590 0.170000
891482 983.577393 35.230824 0.170000
891536 985.765198 35.309189 0.170000
891544 989.023621 35.425900 0.170000
891533 990.762207 35.488178 0.170000
891522 994.477234 35.621243 0.170000
891531 1003.305969 35.937477 0.170000
891489 1008.347961 36.118080 0.170000
891499 1013.491943 36.302334 0.170000
891495 1022.570740 36.627522 0.170000
891514 1038.102295 37.183853 0.170000
891518 1038.990967 37.215679 0.170000
891500 1046.320190 37.478210 0.170000
891524 1048.183838 37.544956 0.170000
891517 1051.351318 37.658413 0.170000
891523 1056.962769 37.859406 0.170000
891485 1060.302612 37.979038 0.170000
891506 1064.631958 38.134113 0.170000
891505 1065.134521 38.152119 0.170000
891496 1079.444702 38.664688 0.170000
891493 1080.828735 38.714268 0.170000
891497 1081.330200 38.732227 0.170000
891481 1123.511597 40.243126 0.170000
891498 1123.646362 40.247948 0.170000
891504 1136.668457 40.714386 0.170000
891491 1157.461670 41.459179 0.170000
891486 1167.662231 41.824554 0.170000
891503 1189.568726 42.609222 0.170000
891483 1273.443726 45.613533 0.170000
891484 1282.014893 45.920547 0.170000
891479 1283.617432 45.977951 0.170000
891480 1293.172241 46.320187 0.170000
882648 553.989746 23.320372 0.140000
882495 542.596252 22.840761 0.140000
882460 540.901611 22.769424 0.140000
882165 544.552429 22.923109 0.140000
882991 541.082275 22.777031 0.140000
882194 529.504333 22.289654 0.140000
882948 522.200195 21.982183 0.140000
882345 543.138184 22.863575 0.140000
882544 534.873413 22.515665 0.140000
882762 519.782959 21.880430 0.140000
883324 523.888550 22.053257 0.140000
882925 535.604797 22.546457 0.140000
882899 528.680725 22.254984 0.140000
882569 554.602783 23.346176 0.140000
883321 518.561890 21.829025 0.140000
882349 553.967346 23.319429 0.140000
882096 590.329712 24.850111 0.140000
882652 557.417480 23.464664 0.140000
881859 575.348938 24.219494 0.140000
882704 562.807800 23.691572 0.140000
882479 570.675110 24.022749 0.140000
882309 593.520752 24.984442 0.140000
882183 583.355774 24.556543 0.140000
882633 569.168701 23.959333 0.140000
882341 583.985046 24.583035 0.140000
881971 580.381531 24.431343 0.140000
881540 600.073547 25.260284 0.140000
882488 579.636414 24.399979 0.140000
882141 595.151794 25.053099 0.140000
881760 584.300293 24.596304 0.140000
882417 585.969910 24.666588 0.140000
882372 575.887146 24.242153 0.140000
882469 579.392212 24.389700 0.140000
882171 599.904053 25.253149 0.140000
881861 614.266846 25.857754 0.140000
881695 620.177979 26.106586 0.140000
882147 607.398804 25.568644 0.140000
882206 618.171814 26.022137 0.140000
881749 632.387634 26.620554 0.140000
881770 640.145264 26.947115 0.140000
882448 622.289917 26.195490 0.140000
881986 613.271301 25.815849 0.140000
882043 630.663086 26.547964 0.140000
881474 633.252319 26.656956 0.140000
881774 618.068420 26.017782 0.140000
882041 625.629272 26.336058 0.140000
882164 610.665894 25.706171 0.140000
881733 644.072693 27.112440 0.140000
881935 620.288818 26.111254 0.140000
881748 636.013550 26.773186 0.140000
881943 608.915283 25.632479 0.140000
881887 635.634766 26.757238 0.140000
882036 636.840881 26.808014 0.140000
881798 638.912964 26.895241 0.140000
882014 622.753418 26.215002 0.140000
881985 619.706909 26.086760 0.140000
882158 633.254822 26.657059 0.140000
881622 631.628784 26.588612 0.140000
881719 698.967041 29.423237 0.140000
881705 664.665649 27.979305 0.140000
881649 685.351868 28.850101 0.140000
881560 699.552673 29.447887 0.140000
881978 660.072754 27.785965 0.140000
881928 667.561340 28.101200 0.140000
881934 659.885864 27.778101 0.140000
881600 696.285583 29.310356 0.140000
881747 691.348999 29.102549 0.140000
881957 674.950134 28.412231 0.140000
881852 652.823486 27.480808 0.140000
881761 694.300781 29.226805 0.140000
881826 665.465515 28.012978 0.140000
881884 658.548950 27.721819 0.140000
881764 656.180237 27.622112 0.140000
881619 696.815247 29.332655 0.140000
881974 673.446228 28.348927 0.140000
881942 663.523071 27.931208 0.140000
881979 681.374573 28.682674 0.140000
881801 681.919128 28.705595 0.140000
881837 669.133850 28.167395 0.140000
881767 684.041077 28.794920 0.140000
881486 678.488892 28.561197 0.140000
881666 695.206604 29.264936 0.140000
881860 682.846191 28.744619 0.140000
881799 657.155823 27.663176 0.140000
881777 675.200562 28.422775 0.140000
882016 680.080017 28.628174 0.140000
881730 682.620605 28.735123 0.140000
881972 699.509094 29.446053 0.140000
881703 704.994019 29.676941 0.140000
881753 753.108765 31.702343 0.140000
881662 704.025879 29.636183 0.140000
881699 740.598816 31.175735 0.140000
881652 702.118225 29.555880 0.140000
881452 713.308716 30.026947 0.140000
881551 723.046265 30.436857 0.140000
881647 701.634766 29.535532 0.140000
881641 729.088196 30.691191 0.140000
881628 754.372253 31.755527 0.140000
881575 722.449463 30.411730 0.140000
881573 744.546265 31.341900 0.140000
881545 716.866028 30.176695 0.140000
881504 725.792480 30.552454 0.140000
881784 721.554810 30.374071 0.140000
881523 708.865356 29.839905 0.140000
881506 711.050903 29.931904 0.140000
881519 716.201904 30.148739 0.140000
881598 723.891052 30.472414 0.140000
881368 718.098389 30.228573 0.140000
881615 743.681458 31.305502 0.140000
881550 729.672546 30.715788 0.140000
881437 739.947144 31.148298 0.140000
881623 751.491516 31.634260 0.140000
881681 737.589722 31.049061 0.140000
881586 745.832092 31.396027 0.140000
881464 709.842224 29.881027 0.140000
881766 744.558655 31.342421 0.140000
881673 742.851624 31.270567 0.140000
881502 736.388550 30.998497 0.140000
881651 724.861694 30.513269 0.140000
881570 735.756897 30.971909 0.140000
881706 720.217773 30.317791 0.140000
881522 757.287903 31.878260 0.140000
881401 757.882263 31.903280 0.140000
881596 758.406860 31.925365 0.140000
881593 758.565125 31.932028 0.140000
881330 758.694702 31.937477 0.140000
881549 760.096436 31.996490 0.140000
881634 761.159241 32.041225 0.140000
881609 761.181702 32.042171 0.140000
881356 762.349243 32.091320 0.140000
881735 762.612122 32.102386 0.140000
881620 762.691895 32.105747 0.140000
881490 762.962280 32.117126 0.140000
881572 763.136780 32.124470 0.140000
881533 765.902893 32.240910 0.140000
881515 766.043701 32.246841 0.140000
881505 766.403809 32.261997 0.140000
881511 767.070374 32.290058 0.140000
881709 767.908997 32.325359 0.140000
881566 769.902527 32.409279 0.140000
881418 771.266907 32.466717 0.140000
881582 773.021362 32.540565 0.140000
881608 777.909424 32.746330 0.140000
881553 778.390442 32.766582 0.140000
881605 778.552429 32.773399 0.140000
881493 778.721863 32.780533 0.140000
881344 779.453247 32.811317 0.140000
881441 779.920532 32.830990 0.140000
881440 780.746643 32.865765 0.140000
881485 780.954712 32.874523 0.140000
881414 781.590210 32.901276 0.140000
881559 781.861877 32.912712 0.140000
881450 782.621887 32.944702 0.140000
881443 785.264648 33.055950 0.140000
881391 787.843872 33.164524 0.140000
881458 788.608948 33.196735 0.140000
881494 788.712402 33.201080 0.140000
881473 789.238220 33.223217 0.140000
881565 790.340942 33.269638 0.140000
881497 790.667358 33.283375 0.140000
881594 791.406250 33.314484 0.140000
881532 791.695312 33.326649 0.140000
881536 792.132690 33.345062 0.140000
881353 792.444153 33.358173 0.140000
881351 792.594971 33.364521 0.140000
881417 793.236694 33.391533 0.140000
881587 793.387451 33.397884 0.140000
881484 793.514526 33.403233 0.140000
881495 794.217224 33.432816 0.140000
881425 794.728149 33.454319 0.140000
881512 795.599121 33.490978 0.140000
881395 795.853271 33.501682 0.140000
881616 796.000305 33.507870 0.140000
881534 796.131104 33.513378 0.140000
881526 796.377869 33.523762 0.140000
881561 796.931091 33.547054 0.140000
881438 797.547913 33.573017 0.140000
881439 797.927917 33.589016 0.140000
881489 801.212341 33.727276 0.140000
881384 801.763123 33.750458 0.140000
881500 805.033936 33.888145 0.140000
881446 807.442444 33.989529 0.140000
881405 808.026855 34.014133 0.140000
881467 808.074219 34.016125 0.140000
881396 809.083496 34.058605 0.140000
881482 811.707520 34.169067 0.140000
881455 813.333618 34.237518 0.140000
881460 813.413330 34.240875 0.140000
881436 814.261902 34.276596 0.140000
881393 814.260620 34.276543 0.140000
881538 814.278137 34.277275 0.140000
881499 815.787048 34.340797 0.140000
881503 816.028687 34.350971 0.140000
881496 819.482727 34.496368 0.140000
881525 820.120605 34.523220 0.140000
881461 822.301147 34.615009 0.140000
881456 824.107910 34.691063 0.140000
881521 824.122864 34.691696 0.140000
881491 824.495361 34.707378 0.140000
881429 825.402466 34.745564 0.140000
881390 825.533264 34.751064 0.140000
881338 825.573181 34.752747 0.140000
881423 826.052856 34.772942 0.140000
881435 826.852844 34.806618 0.140000
881381 828.205994 34.863579 0.140000
881411 828.710693 34.884819 0.140000
881408 828.739258 34.886024 0.140000
881542 828.900024 34.892792 0.140000
881492 831.540344 35.003937 0.140000
881469 832.286743 35.035355 0.140000
881415 834.370056 35.123051 0.140000
881420 834.436035 35.125832 0.140000
881481 834.854736 35.143456 0.140000
881445 836.540649 35.214424 0.140000
881392 836.722534 35.222080 0.140000
881520 837.110046 35.238392 0.140000
881488 838.765930 35.308098 0.140000
881409 839.182190 35.325623 0.140000
881507 839.575867 35.342194 0.140000
881341 840.033203 35.361443 0.140000
881434 842.508972 35.465668 0.140000
881345 844.136230 35.534164 0.140000
881383 846.205872 35.621284 0.140000
881387 849.429382 35.756981 0.140000
881442 849.963867 35.779480 0.140000
881376 851.537537 35.845718 0.140000
881478 853.058960 35.909767 0.140000
881398 854.015930 35.950050 0.140000
881457 856.288696 36.045719 0.140000
881382 857.372681 36.091354 0.140000
881424 859.722656 36.190277 0.140000
881385 860.745605 36.233341 0.140000
881407 860.994873 36.243832 0.140000
881410 861.367371 36.259514 0.140000
881477 864.391479 36.386810 0.140000
881471 864.777771 36.403072 0.140000
881498 867.046692 36.498585 0.140000
881389 869.212280 36.589745 0.140000
881465 870.403503 36.639889 0.140000
881412 872.793335 36.740486 0.140000
881416 873.691711 36.778305 0.140000
881432 874.122803 36.796452 0.140000
881397 874.535217 36.813816 0.140000
881430 878.087646 36.963352 0.140000
881413 880.624573 37.070145 0.140000
881378 884.118347 37.217216 0.140000
881421 884.767517 37.244541 0.140000
881422 885.090271 37.258129 0.140000
881403 885.817932 37.288761 0.140000
881419 888.470703 37.400429 0.140000
881426 889.777710 37.455452 0.140000
881463 889.967102 37.463421 0.140000
881379 890.881714 37.501923 0.140000
881394 891.986877 37.548447 0.140000
881399 893.133301 37.596699 0.140000
881348 894.523743 37.655235 0.140000
881300 896.234497 37.727249 0.140000
881321 896.594604 37.742413 0.140000
881369 898.533447 37.824028 0.140000
881375 900.552002 37.909000 0.140000
881327 907.049866 38.182526 0.140000
881402 909.520874 38.286541 0.140000
881386 910.044128 38.308567 0.140000
881380 910.859009 38.342869 0.140000
881444 911.214233 38.357822 0.140000
881366 915.438049 38.535625 0.140000
881328 915.585205 38.541817 0.140000
881451 918.510803 38.664974 0.140000
881374 920.001038 38.727707 0.140000
881388 921.026489 38.770878 0.140000
881347 921.097534 38.773861 0.140000
881361 922.055664 38.814198 0.140000
881404 923.958374 38.894287 0.140000
881332 927.977966 39.063499 0.140000
881333 929.712463 39.136513 0.140000
881372 931.753418 39.222424 0.140000
881311 937.276978 39.454937 0.140000
881358 937.442749 39.461918 0.140000
881362 941.397583 39.628399 0.140000
881377 945.449585 39.798965 0.140000
881363 945.518127 39.801849 0.140000
881357 945.611450 39.805786 0.140000
881364 945.677673 39.808567 0.140000
881406 947.626404 39.890598 0.140000
881355 947.997742 39.906235 0.140000
881370 950.426208 40.008457 0.140000
881334 954.317444 40.172264 0.140000
881354 954.595337 40.183964 0.140000
881360 955.385376 40.217213 0.140000
881299 956.085510 40.246693 0.140000
881350 959.267822 40.380653 0.140000
881373 960.107666 40.416004 0.140000
881352 963.965393 40.578392 0.140000
881349 964.478699 40.600002 0.140000
881303 967.737061 40.737164 0.140000
881335 969.611023 40.816048 0.140000
881339 973.781433 40.991604 0.140000
881316 973.855042 40.994698 0.140000
881367 977.911926 41.165482 0.140000
881365 983.033081 41.381054 0.140000
881336 996.156067 41.933468 0.140000
881307 1002.271484 42.190895 0.140000
881346 1007.382568 42.406055 0.140000
881342 1007.763916 42.422108 0.140000
881323 1008.281006 42.443871 0.140000
881371 1013.699951 42.671982 0.140000
881308 1016.373840 42.784538 0.140000
881312 1017.069092 42.813797 0.140000
881331 1027.382446 43.247944 0.140000
881317 1031.149170 43.406502 0.140000
881325 1035.097656 43.572727 0.140000
881313 1046.372803 44.047352 0.140000
881337 1055.988403 44.452114 0.140000
881305 1058.567627 44.560688 0.140000
881329 1063.916748 44.785866 0.140000
881324 1067.935181 44.955017 0.140000
881315 1073.307983 45.181187 0.140000
881318 1079.201538 45.429279 0.140000
881340 1087.561035 45.781178 0.140000
881343 1097.590332 46.203358 0.140000
881319 1101.037964 46.348488 0.140000
881322 1104.778564 46.505939 0.140000
881298 1123.172119 47.280228 0.140000
881306 1164.143433 49.004925 0.140000
881310 1179.521851 49.652275 0.140000
881314 1192.789307 50.210770 0.140000
881309 1205.430054 50.742882 0.140000
881302 1268.578003 53.401104 0.140000
881301 1277.399780 53.772457 0.140000
881304 1296.675781 54.583874 0.140000
881296 1297.335938 54.611671 0.140000
881297 1340.311035 56.420708 0.140000
873136 524.804993 29.581783 0.100000
872361 530.595276 29.908167 0.100000
871879 554.642334 31.263628 0.100000
872036 543.791321 30.651991 0.100000
872740 558.433594 31.477335 0.100000
872746 544.161926 30.672882 0.100000
873693 525.108459 29.598892 0.100000
871703 528.783569 29.806047 0.100000
872948 527.035095 29.707489 0.100000
872295 546.945984 30.829811 0.100000
872712 530.494568 29.902491 0.100000
872442 542.875793 30.600386 0.100000
872484 524.846375 29.584112 0.100000
872671 563.839111 31.782024 0.100000
872546 554.925110 31.279570 0.100000
872622 542.692383 30.590046 0.100000
872448 529.815308 29.864202 0.100000
871996 547.794373 30.877634 0.100000
871936 609.287231 34.343800 0.100000
872566 566.438538 31.928545 0.100000
872226 584.141296 32.926403 0.100000
872065 592.737610 33.410954 0.100000
871792 593.409058 33.448803 0.100000
871432 602.073853 33.937210 0.100000
871894 572.869324 32.291035 0.100000
871989 567.077759 31.964573 0.100000
871246 574.483459 32.382019 0.100000
872037 588.854553 33.192074 0.100000
872127 573.646667 32.334850 0.100000
871658 602.887390 33.983067 0.100000
872093 569.804993 32.118305 0.100000
871819 592.444458 33.394428 0.100000
871728 590.488098 33.284153 0.100000
872165 576.858154 32.515877 0.100000
871963 582.246887 32.819622 0.100000
871555 597.957153 33.705162 0.100000
871959 589.661682 33.237572 0.100000
871856 608.424561 34.295177 0.100000
871746 644.066345 36.304207 0.100000
871618 651.155701 36.703808 0.100000
871677 637.693665 35.944992 0.100000
871917 619.737793 34.932873 0.100000
871608 628.154663 35.407307 0.100000
871567 633.233459 35.693584 0.100000
871909 612.718201 34.537201 0.100000
871736 619.528687 34.921082 0.100000
871888 612.028625 34.498329 0.100000
871527 648.199890 36.537197 0.100000
871935 615.164001 34.675064 0.100000
871708 620.020691 34.948818 0.100000
871852 635.320251 35.811211 0.100000
871754 638.997925 36.018509 0.100000
871630 647.887390 36.519585 0.100000
871790 656.000732 36.976910 0.100000
871910 616.598633 34.755928 0.100000
872012 612.478088 34.523663 0.100000
871767 641.701904 36.170929 0.100000
871923 611.167297 34.449783 0.100000
871635 618.241150 34.848515 0.100000
871982 612.035095 34.498692 0.100000
871281 651.530273 36.724918 0.100000
871524 658.615723 37.124306 0.100000
871975 617.539978 34.808990 0.100000
871614 614.039246 34.611664 0.100000
871529 667.784119 37.641102 0.100000
871426 702.270142 39.584980 0.100000
871493 681.793640 38.430782 0.100000
871311 698.177917 39.354313 0.100000
871430 681.752319 38.428448 0.100000
871319 700.266052 39.472015 0.100000
871379 678.303223 38.234035 0.100000
871343 700.707581 39.496902 0.100000
871375 698.974731 39.399220 0.100000
871318 706.039551 39.797447 0.100000
871252 680.688232 38.368469 0.100000
871734 671.856873 37.870678 0.100000
871442 708.662231 39.945278 0.100000
871487 677.338562 38.179661 0.100000
871533 682.692383 38.481438 0.100000
871123 695.240112 39.188717 0.100000
871401 687.660095 38.761452 0.100000
871504 696.447510 39.256779 0.100000
871490 704.341431 39.701736 0.100000
871639 659.092163 37.151165 0.100000
871346 698.400024 39.366833 0.100000
871329 666.757446 37.583233 0.100000
871510 683.547241 38.529625 0.100000
871310 708.065552 39.911652 0.100000
871562 681.194519 38.397007 0.100000
871340 666.995056 37.596626 0.100000
871335 699.753296 39.443111 0.100000
871667 678.313538 38.234619 0.100000
871519 671.531494 37.852333 0.100000
871130 659.780396 37.189960 0.100000
871161 749.497681 42.247055 0.100000
871305 759.904358 42.833649 0.100000
871302 722.452209 40.722580 0.100000
871358 716.189270 40.369560 0.100000
871414 736.335205 41.505127 0.100000
871276 734.892822 41.423824 0.100000
871384 724.257446 40.824337 0.100000
871294 732.706604 41.300594 0.100000
871146 767.217163 43.245846 0.100000
871468 714.727478 40.287163 0.100000
871163 752.771118 42.431572 0.100000
871213 728.134033 41.042854 0.100000
871361 724.243286 40.823540 0.100000
871349 751.727783 42.372757 0.100000
871383 713.330322 40.208408 0.100000
871371 722.334717 40.715958 0.100000
871172 719.231689 40.541050 0.100000
871312 717.754333 40.457779 0.100000
871208 751.528931 42.361549 0.100000
871321 767.765991 43.276783 0.100000
871306 738.712585 41.639130 0.100000
871221 743.859741 41.929256 0.100000
871283 747.755676 42.148857 0.100000
871333 730.902588 41.198906 0.100000
871232 736.479858 41.513279 0.100000
871229 758.724182 42.767128 0.100000
871503 716.284851 40.374943 0.100000
871338 726.614136 40.957180 0.100000
871250 734.305237 41.390705 0.100000
871417 728.464539 41.061481 0.100000
871114 721.370117 40.661587 0.100000
871205 758.623474 42.761452 0.100000
871398 757.222412 42.682472 0.100000
871135 739.903137 41.706242 0.100000
871127 760.715454 42.879364 0.100000
871134 762.528381 42.981556 0.100000
871098 722.555542 40.728401 0.100000
871184 766.682556 43.215717 0.100000
871484 768.997925 43.346226 0.100000
871274 769.232910 43.359467 0.100000
871315 770.600464 43.436554 0.100000
871365 771.289978 43.475422 0.100000
871223 771.300293 43.476006 0.100000
871245 771.476013 43.485901 0.100000
871328 771.629639 43.494564 0.100000
871168 772.688538 43.554253 0.100000
871137 773.154724 43.580536 0.100000
871196 775.391296 43.706600 0.100000
871288 776.167358 43.750347 0.100000
871290 776.494080 43.768761 0.100000
871291 776.494080 43.768761 0.100000
871087 776.983459 43.796345 0.100000
871106 777.421204 43.821022 0.100000
871214 777.820251 43.843513 0.100000
871158 777.928650 43.849625 0.100000
871079 777.972534 43.852104 0.100000
871287 779.292358 43.926495 0.100000
871307 780.233765 43.979557 0.100000
871317 781.098877 44.028316 0.100000
871264 781.175110 44.032616 0.100000
871241 781.806580 44.068211 0.100000
871215 782.111328 44.085384 0.100000
871267 782.306274 44.096375 0.100000
871155 783.032043 44.137280 0.100000
871181 783.188232 44.146088 0.100000
871093 784.167053 44.201260 0.100000
871122 784.895386 44.242317 0.100000
871162 785.054199 44.251266 0.100000
871183 785.622375 44.283295 0.100000
871233 785.879395 44.297783 0.100000
871198 786.198242 44.315754 0.100000
871192 786.918945 44.356377 0.100000
871207 787.032593 44.362785 0.100000
871165 791.723938 44.627220 0.100000
871362 794.130920 44.762894 0.100000
871195 796.643860 44.904545 0.100000
871152 796.761414 44.911171 0.100000
871216 797.516724 44.953747 0.100000
871176 797.673035 44.962559 0.100000
871242 799.640991 45.073486 0.100000
871279 800.364136 45.114250 0.100000
871006 801.446289 45.175243 0.100000
871141 802.005432 45.206757 0.100000
871263 802.041626 45.208797 0.100000
871100 802.215942 45.218620 0.100000
871177 804.613892 45.353790 0.100000
871179 805.386047 45.397312 0.100000
871115 806.250000 45.446011 0.100000
871260 807.910645 45.539619 0.100000
871070 810.743835 45.699314 0.100000
871231 811.654175 45.750629 0.100000
871027 813.318665 45.844452 0.100000
871131 813.848145 45.874294 0.100000
871164 816.065308 45.999275 0.100000
871119 816.131226 46.002987 0.100000
871054 816.422974 46.019436 0.100000
871304 819.613831 46.199299 0.100000
871273 820.074829 46.225281 0.100000
871226 821.900757 46.328197 0.100000
871174 824.014709 46.447357 0.100000
871180 826.127319 46.566433 0.100000
871171 826.432068 46.583614 0.100000
871074 827.253357 46.629906 0.100000
871153 827.744080 46.657562 0.100000
871234 828.548523 46.702911 0.100000
870988 829.979370 46.783566 0.100000
871109 830.052979 46.787716 0.100000
871113 830.426086 46.808743 0.100000
871083 830.746399 46.826801 0.100000
871117 831.625732 46.876362 0.100000
871124 832.306335 46.914730 0.100000
871085 835.530701 47.096481 0.100000
871206 835.652100 47.103321 0.100000
871116 835.870300 47.115623 0.100000
871143 836.414001 47.146263 0.100000
871185 838.764160 47.278732 0.100000
871154 839.173584 47.301807 0.100000
871125 840.634033 47.384136 0.100000
871029 840.679199 47.386677 0.100000
871145 840.880676 47.398037 0.100000
871058 842.072571 47.465218 0.100000
871030 843.605408 47.551620 0.100000
871159 844.739136 47.615528 0.100000
871193 844.976746 47.628914 0.100000
871140 846.202209 47.698002 0.100000
871186 847.408264 47.765976 0.100000
871090 848.655701 47.836296 0.100000
871128 849.475708 47.882511 0.100000
871178 850.506165 47.940601 0.100000
871025 851.452759 47.993954 0.100000
871068 852.932556 48.077366 0.100000
871189 853.029419 48.082829 0.100000
871045 853.477478 48.108078 0.100000
871089 854.133484 48.145065 0.100000
871110 856.486328 48.277679 0.100000
871059 857.702759 48.346245 0.100000
871042 858.831299 48.409863 0.100000
871095 858.871338 48.412117 0.100000
871157 858.938538 48.415897 0.100000
871041 860.834167 48.522758 0.100000
871091 862.120300 48.595249 0.100000
871084 862.132019 48.595909 0.100000
871136 864.555786 48.732533 0.100000
871024 864.801147 48.746368 0.100000
871072 865.100769 48.763252 0.100000
871096 865.321533 48.775692 0.100000
871002 865.497192 48.785591 0.100000
871061 868.233459 48.939835 0.100000
871094 870.096802 49.044865 0.100000
871092 870.108459 49.045525 0.100000
871210 870.604309 49.073467 0.100000
871121 871.654175 49.132641 0.100000
871175 873.379333 49.229889 0.100000
871063 876.827209 49.424236 0.100000
871107 878.190857 49.501099 0.100000
871102 878.401367 49.512962 0.100000
870995 879.350464 49.566463 0.100000
871173 880.648254 49.639614 0.100000
871147 880.841919 49.650536 0.100000
871088 882.508972 49.744499 0.100000
871071 889.408569 50.133408 0.100000
871101 889.624146 50.145561 0.100000
871111 890.623657 50.201897 0.100000
871017 891.399719 50.245644 0.100000
871077 891.801392 50.268280 0.100000
871139 894.510559 50.420994 0.100000
871103 895.840637 50.495960 0.100000
871075 896.181519 50.515175 0.100000
871076 896.527649 50.534687 0.100000
871086 896.678711 50.543198 0.100000
871149 901.521118 50.816162 0.100000
871118 903.760315 50.942371 0.100000
871005 903.956543 50.953438 0.100000
871105 905.643066 51.048496 0.100000
871043 905.987793 51.067928 0.100000
871144 906.350708 51.088383 0.100000
871099 910.759277 51.336876 0.100000
871069 911.559875 51.382004 0.100000
871049 915.205261 51.587486 0.100000
871055 916.487610 51.659767 0.100000
871057 917.585205 51.721642 0.100000
871051 919.674561 51.839413 0.100000
871073 922.352783 51.990364 0.100000
870989 927.490967 52.279995 0.100000
871065 930.657288 52.458473 0.100000
871078 931.332642 52.496536 0.100000
871056 931.368835 52.498573 0.100000
871133 932.320557 52.552223 0.100000
871081 933.276123 52.606087 0.100000
871067 935.206604 52.714890 0.100000
871047 937.143555 52.824074 0.100000
871097 937.466370 52.842281 0.100000
871026 939.501465 52.956989 0.100000
871052 940.424866 53.009037 0.100000
871023 940.457092 53.010849 0.100000
870975 940.728271 53.026142 0.100000
871032 940.839355 53.032402 0.100000
871036 940.998169 53.041351 0.100000
870999 941.397217 53.063847 0.100000
871080 941.738037 53.083054 0.100000
871035 945.010315 53.267506 0.100000
871028 945.916809 53.318604 0.100000
871040 946.710938 53.363373 0.100000
871037 948.068176 53.439869 0.100000
871038 950.055603 53.551884 0.100000
871009 950.458435 53.574596 0.100000
871033 953.852051 53.765884 0.100000
871053 959.748169 54.098240 0.100000
871064 962.613586 54.259750 0.100000
871062 963.414307 54.304878 0.100000
871048 969.984436 54.675224 0.100000
871060 973.791260 54.889801 0.100000
871034 979.159363 55.192375 0.100000
871039 985.781250 55.565636 0.100000
871046 985.845825 55.569275 0.100000
871011 987.599426 55.668118 0.100000
871044 993.219177 55.984890 0.100000
871018 1001.420410 56.447170 0.100000
870990 1007.365723 56.782280 0.100000
871022 1008.978577 56.873196 0.100000
871031 1013.113342 57.106262 0.100000
871010 1015.625000 57.247826 0.100000
870984 1015.804443 57.257942 0.100000
870976 1017.147522 57.333645 0.100000
871003 1024.109009 57.726051 0.100000
871013 1034.956055 58.337463 0.100000
870985 1037.840942 58.500069 0.100000
871050 1040.718018 58.662239 0.100000
871016 1041.304199 58.695290 0.100000
870983 1048.984985 59.128235 0.100000
871012 1051.803955 59.287128 0.100000
870980 1063.469727 59.944691 0.100000
871020 1066.389526 60.109264 0.100000
871015 1069.573853 60.288761 0.100000
870992 1071.754883 60.411694 0.100000
871014 1077.297241 60.724094 0.100000
870994 1086.842651 61.262142 0.100000
871019 1090.417114 61.463623 0.100000
870987 1097.212036 61.846630 0.100000
871021 1101.687622 62.098911 0.100000
871007 1105.519165 62.314873 0.100000
870998 1111.162231 62.632957 0.100000
871008 1116.617920 62.940479 0.100000
870993 1142.059692 64.374550 0.100000
871000 1154.784302 65.091797 0.100000
870996 1171.942139 66.058922 0.100000
871001 1180.090454 66.518211 0.100000
870982 1184.740356 66.780312 0.100000
870991 1189.770020 67.063828 0.100000
870981 1199.115356 67.590591 0.100000
870973 1199.864380 67.632812 0.100000
870997 1202.944214 67.806396 0.100000
870986 1226.346802 69.125534 0.100000
870977 1243.175415 70.074104 0.100000
870978 1270.188477 71.596748 0.100000
870972 1317.394043 74.257561 0.100000
870974 1386.376465 78.145851 0.100000
870979 1400.219482 78.926132 0.100000
